0 0.7185 0.14733333333333334 0.71825 0.15466666666666667 0.722 0.195 0.722 0.20566666666666666 0.72075 0.21333333333333335 0.72175 0.21733333333333332 0.7235 0.21866666666666668 0.733 0.219 0.76125 0.21833333333333332 0.772 0.217 0.77625 0.21366666666666667 0.7785 0.20666666666666667 0.77825 0.19933333333333333 0.7725 0.152 0.77025 0.146 0.7665 0.14466666666666667 0.7285 0.145 0.7205 0.14566666666666667
0 0.43575 0.5696666666666667 0.43525 0.5926666666666667 0.436 0.5953333333333334 0.437 0.596 0.4835 0.5976666666666667 0.491 0.5993333333333334 0.49525 0.598 0.497 0.5956666666666667 0.49825 0.5916666666666667 0.499 0.575 0.4995 0.5256666666666666 0.49875 0.5186666666666667 0.495 0.5156666666666667 0.492 0.5153333333333333 0.46975 0.515 0.46275 0.514 0.4425 0.5143333333333333 0.44025 0.5153333333333333 0.438 0.5183333333333333 0.43725 0.5273333333333333 0.437 0.5533333333333333
0 0.428 0.6436666666666667 0.42725 0.679 0.4275 0.6823333333333333 0.42875 0.684 0.48775 0.686 0.491 0.6826666666666666 0.492 0.6773333333333333 0.49275 0.6313333333333333 0.49275 0.6103333333333333 0.492 0.6026666666666667 0.4895 0.6003333333333334 0.48475 0.599 0.4365 0.5973333333333334 0.432 0.5986666666666667 0.42975 0.602
0 0.60525 0.14933333333333335 0.60475 0.155 0.60725 0.17666666666666667 0.60825 0.21033333333333334 0.60925 0.214 0.61525 0.21933333333333332 0.62075 0.22033333333333333 0.652 0.21866666666666668 0.661 0.21666666666666667 0.66275 0.215 0.66475 0.20666666666666667 0.66475 0.20166666666666666 0.66175 0.16033333333333333 0.66 0.14833333333333334 0.65875 0.146 0.65375 0.14433333333333334 0.62675 0.145 0.6095 0.14633333333333334 0.60625 0.14766666666666667
0 0.56 0.36466666666666664 0.5605 0.409 0.5615 0.436 0.56275 0.439 0.56675 0.44033333333333335 0.613 0.43966666666666665 0.61675 0.439 0.621 0.43566666666666665 0.6225 0.43133333333333335 0.6225 0.4176666666666667 0.621 0.402 0.62 0.37233333333333335 0.619 0.3636666666666667 0.6175 0.361 0.606 0.359 0.57975 0.35933333333333334 0.56225 0.3616666666666667 0.56075 0.36233333333333334
0 0.41825 0.8196666666666667 0.417 0.8666666666666667 0.41825 0.8716666666666667 0.4195 0.8726666666666667 0.42175 0.874 0.47375 0.8753333333333333 0.481 0.8743333333333333 0.48475 0.8706666666666667 0.486 0.8616666666666667 0.48625 0.8203333333333334 0.48725 0.8 0.48725 0.784 0.48675 0.7813333333333333 0.48525 0.779 0.48075 0.778 0.45025 0.7776666666666666 0.422 0.7783333333333333 0.421 0.7796666666666666 0.42025 0.784
0 0.43225 0.446 0.4325 0.45666666666666667 0.43075 0.5086666666666667 0.43275 0.512 0.4355 0.5136666666666667 0.4385 0.514 0.46025 0.5123333333333333 0.4815 0.5143333333333333 0.4885 0.5143333333333333 0.49125 0.5136666666666667 0.4925 0.512 0.4935 0.5023333333333333 0.49325 0.4646666666666667 0.49475 0.44466666666666665 0.4945 0.43933333333333335 0.493 0.43733333333333335 0.488 0.43433333333333335 0.43875 0.433 0.434 0.436
0 0.43925 0.2986666666666667 0.4395 0.30966666666666665 0.438 0.3423333333333333 0.43825 0.35233333333333333 0.43975 0.3546666666666667 0.442 0.356 0.446 0.3546666666666667 0.45475 0.3546666666666667 0.48675 0.35633333333333334 0.495 0.35633333333333334 0.49675 0.355 0.498 0.3416666666666667 0.498 0.2886666666666667 0.49725 0.2856666666666667 0.495 0.284 0.4835 0.2823333333333333 0.44425 0.282 0.44175 0.283 0.44025 0.2856666666666667
0 0.3185 0.31166666666666665 0.31825 0.337 0.3195 0.3426666666666667 0.3225 0.3463333333333333 0.326 0.3473333333333333 0.33875 0.347 0.36725 0.3486666666666667 0.37625 0.3473333333333333 0.37775 0.3453333333333333 0.378 0.3393333333333333 0.37775 0.32066666666666666 0.3795 0.28 0.379 0.2723333333333333 0.37675 0.2703333333333333 0.36875 0.269 0.3395 0.268 0.3235 0.26866666666666666 0.32125 0.2713333333333333 0.3205 0.27566666666666667
0 0.241 0.574 0.24125 0.588 0.24475 0.5913333333333334 0.2735 0.593 0.30075 0.5933333333333334 0.30425 0.5923333333333334 0.30575 0.589 0.3065 0.5466666666666666 0.3095 0.5236666666666666 0.30975 0.5106666666666667 0.30775 0.5086666666666667 0.30475 0.5083333333333333 0.26175 0.5063333333333333 0.25175 0.5066666666666667 0.24875 0.5083333333333333 0.247 0.512 0.24525 0.5223333333333333
0 0.499 0.29233333333333333 0.499 0.31733333333333336 0.49975 0.328 0.499 0.356 0.50175 0.3616666666666667 0.505 0.36333333333333334 0.51225 0.364 0.5475 0.36433333333333334 0.554 0.36333333333333334 0.558 0.35933333333333334 0.55825 0.345 0.557 0.3233333333333333 0.556 0.31866666666666665 0.5565 0.29933333333333334 0.5555 0.2886666666666667 0.55 0.28633333333333333 0.5045 0.28633333333333333 0.50025 0.288
0 0.54875 0.14766666666666667 0.548 0.15066666666666667 0.548 0.16233333333333333 0.55025 0.196 0.55025 0.21333333333333335 0.5525 0.21833333333333332 0.55475 0.219 0.55925 0.216 0.56425 0.21433333333333332 0.58825 0.213 0.60175 0.21333333333333335 0.60575 0.21266666666666667 0.607 0.211 0.608 0.20233333333333334 0.60625 0.186 0.60625 0.177 0.60425 0.16 0.604 0.15066666666666667 0.6025 0.14633333333333334 0.599 0.14366666666666666 0.58825 0.143 0.556 0.14466666666666667 0.551 0.146
0 0.37125 0.572 0.37075 0.5916666666666667 0.37225 0.5936666666666667 0.37575 0.5953333333333334 0.41 0.5973333333333334 0.4285 0.5973333333333334 0.433 0.596 0.43375 0.5953333333333334 0.43425 0.5906666666666667 0.4345 0.5703333333333334 0.436 0.5506666666666666 0.43575 0.5363333333333333 0.437 0.52 0.43625 0.5166666666666667 0.43425 0.5146666666666667 0.429 0.5133333333333333 0.37925 0.5123333333333333 0.3755 0.5136666666666667 0.37375 0.5183333333333333 0.373 0.5266666666666666 0.373 0.5513333333333333
0 0.30825 0.5463333333333333 0.30825 0.5613333333333334 0.30675 0.585 0.30725 0.5886666666666667 0.30925 0.591 0.31975 0.5923333333333334 0.3535 0.5933333333333334 0.36675 0.5933333333333334 0.36975 0.5916666666666667 0.3715 0.5536666666666666 0.37225 0.5503333333333333 0.37175 0.5396666666666666 0.37375 0.5166666666666667 0.37275 0.5116666666666667 0.36875 0.51 0.357 0.509 0.32275 0.5073333333333333 0.31375 0.5083333333333333 0.3115 0.512
0 0.3785 0.32233333333333336 0.37825 0.3456666666666667 0.37925 0.349 0.38225 0.3516666666666667 0.38775 0.353 0.41225 0.3536666666666667 0.431 0.3536666666666667 0.4365 0.3526666666666667 0.43775 0.3436666666666667 0.438 0.31666666666666665 0.4395 0.29133333333333333 0.4395 0.2826666666666667 0.4385 0.279 0.436 0.27666666666666667 0.429 0.27566666666666667 0.39225 0.27466666666666667 0.3825 0.27566666666666667 0.3805 0.2816666666666667
0 0.556 0.22066666666666668 0.557 0.2703333333333333 0.558 0.2816666666666667 0.5595 0.285 0.5615 0.2856666666666667 0.581 0.283 0.6025 0.2833333333333333 0.61325 0.285 0.61575 0.283 0.61625 0.26866666666666666 0.61425 0.24366666666666667 0.614 0.22366666666666668 0.61325 0.21966666666666668 0.6105 0.21633333333333332 0.606 0.21466666666666667 0.56375 0.21566666666666667 0.56075 0.216
0 0.439 0.4 0.43925 0.43066666666666664 0.44175 0.43166666666666664 0.4555 0.43133333333333335 0.477 0.43366666666666664 0.48825 0.43366666666666664 0.49425 0.437 0.4965 0.43633333333333335 0.498 0.43533333333333335 0.49925 0.43033333333333335 0.50075 0.3626666666666667 0.49825 0.35833333333333334 0.49525 0.3576666666666667 0.46125 0.356 0.446 0.356 0.442 0.3576666666666667 0.441 0.3586666666666667 0.44025 0.362 0.4405 0.37766666666666665
0 0.423 0.7486666666666667 0.42275 0.77 0.423 0.773 0.42475 0.776 0.48225 0.7776666666666666 0.486 0.7766666666666666 0.48825 0.7726666666666666 0.48875 0.769 0.489 0.7303333333333333 0.49 0.7106666666666667 0.4895 0.6893333333333334 0.48775 0.6876666666666666 0.48425 0.687 0.44975 0.6856666666666666 0.432 0.6856666666666666 0.4285 0.6863333333333334 0.427 0.6876666666666666 0.426 0.689 0.425 0.6973333333333334
0 0.66225 0.14666666666666667 0.66275 0.169 0.6655 0.19433333333333333 0.66575 0.20633333333333334 0.66475 0.21366666666666667 0.66625 0.217 0.66825 0.218 0.7065 0.218 0.715 0.217 0.7195 0.21366666666666667 0.72175 0.20666666666666667 0.7215 0.19566666666666666 0.7185 0.16866666666666666 0.718 0.151 0.7155 0.14566666666666667 0.7135 0.144 0.71 0.14333333333333334 0.66775 0.143 0.66425 0.144
0 0.55825 0.291 0.55925 0.3546666666666667 0.5595 0.359 0.56025 0.36 0.57425 0.358 0.59425 0.357 0.61275 0.3586666666666667 0.6165 0.358 0.618 0.35633333333333334 0.6185 0.345 0.61725 0.309 0.615 0.2896666666666667 0.61375 0.28733333333333333 0.6095 0.2853333333333333 0.606 0.285 0.58125 0.285 0.56075 0.28733333333333333
0 0.61775 0.28833333333333333 0.61675 0.2896666666666667 0.61675 0.295 0.6205 0.342 0.6205 0.35633333333333334 0.621 0.3596666666666667 0.6225 0.3626666666666667 0.63425 0.363 0.67175 0.35933333333333334 0.6755 0.3576666666666667 0.679 0.35333333333333333 0.68 0.34933333333333333 0.68 0.3433333333333333 0.67425 0.29433333333333334 0.67175 0.2836666666666667 0.66725 0.2823333333333333 0.65175 0.283 0.62325 0.2856666666666667