0 0.757 0.23325 0.7596666666666667 0.279 0.7593333333333333 0.28975 0.761 0.2915 0.7966666666666666 0.29125 0.8086666666666666 0.29 0.8373333333333334 0.289 0.8393333333333334 0.28825 0.8416666666666667 0.2805 0.8393333333333334 0.2425 0.8383333333333334 0.23425 0.837 0.23075 0.835 0.22875 0.831 0.22725 0.8163333333333334 0.227 0.768 0.229 0.7583333333333333 0.23075 0.757 0.23325
0 0.676 0.2375 0.6763333333333333 0.27125 0.6753333333333333 0.29325 0.6786666666666666 0.2965 0.7083333333333334 0.29525 0.713 0.296 0.7516666666666667 0.2955 0.7556666666666667 0.294 0.7573333333333333 0.29025 0.7576666666666667 0.28625 0.7576666666666667 0.25975 0.7566666666666667 0.23675 0.7563333333333333 0.23425 0.755 0.23275 0.739 0.23225 0.6793333333333333 0.23325 0.677 0.23425 0.676 0.2375
0 0.5943333333333334 0.316 0.594 0.35925 0.596 0.36125 0.599 0.3625 0.6036666666666667 0.363 0.6276666666666667 0.36275 0.639 0.3615 0.6683333333333333 0.362 0.6763333333333333 0.35925 0.6776666666666666 0.356 0.6783333333333333 0.30925 0.6773333333333333 0.3015 0.6753333333333333 0.299 0.6673333333333333 0.29825 0.6246666666666667 0.298 0.5986666666666667 0.29875 0.596 0.30025 0.595 0.303 0.5943333333333334 0.316
0 0.24566666666666667 0.386 0.24533333333333332 0.4015 0.249 0.43075 0.249 0.4405 0.24933333333333332 0.443 0.25133333333333335 0.4455 0.255 0.4465 0.31466666666666665 0.4455 0.33066666666666666 0.4445 0.33466666666666667 0.4425 0.33566666666666667 0.437 0.332 0.3945 0.3323333333333333 0.387 0.3313333333333333 0.3835 0.33 0.3825 0.3273333333333333 0.3815 0.31766666666666665 0.3815 0.25166666666666665 0.383 0.248 0.38375 0.24566666666666667 0.386
0 0.43166666666666664 0.44325 0.431 0.48275 0.43133333333333335 0.49425 0.43266666666666664 0.496 0.43533333333333335 0.497 0.445 0.49775 0.47933333333333333 0.49725 0.496 0.49825 0.5086666666666667 0.49775 0.5126666666666667 0.4955 0.5146666666666667 0.49125 0.5153333333333333 0.48525 0.516 0.43975 0.5123333333333333 0.4355 0.492 0.4345 0.482 0.43525 0.43833333333333335 0.435 0.43533333333333335 0.4355 0.43266666666666664 0.43775 0.43166666666666664 0.44325
0 0.4236666666666667 0.6305 0.42433333333333334 0.683 0.42533333333333334 0.68725 0.427 0.6885 0.43533333333333335 0.68975 0.45666666666666667 0.69 0.496 0.68875 0.5016666666666667 0.68825 0.5053333333333333 0.687 0.507 0.683 0.5073333333333333 0.67175 0.5063333333333333 0.63 0.5043333333333333 0.6275 0.502 0.6265 0.4796666666666667 0.62625 0.475 0.6255 0.4663333333333333 0.6255 0.4533333333333333 0.627 0.43366666666666664 0.6265 0.4256666666666667 0.6285 0.4236666666666667 0.6305
0 0.42733333333333334 0.50175 0.427 0.55275 0.428 0.559 0.431 0.562 0.436 0.5625 0.44366666666666665 0.56175 0.502 0.56125 0.508 0.56 0.5093333333333333 0.559 0.5113333333333333 0.5505 0.5113333333333333 0.52175 0.5106666666666667 0.50375 0.5103333333333333 0.5015 0.5086666666666667 0.4995 0.505 0.49875 0.4766666666666667 0.49825 0.435 0.49825 0.43 0.4995 0.42733333333333334 0.50175
0 0.6803333333333333 0.365 0.6803333333333333 0.4115 0.6806666666666666 0.42125 0.682 0.423 0.6943333333333334 0.424 0.7516666666666667 0.42275 0.7593333333333333 0.42175 0.7616666666666667 0.42 0.7626666666666667 0.417 0.7626666666666667 0.38 0.762 0.3655 0.7606666666666667 0.3625 0.759 0.36125 0.7373333333333333 0.36025 0.7113333333333334 0.36175 0.6916666666666667 0.3615 0.6823333333333333 0.3625 0.6803333333333333 0.365
0 0.5076666666666667 0.29975 0.5073333333333333 0.31375 0.5093333333333333 0.35 0.51 0.356 0.5123333333333333 0.36 0.5153333333333333 0.361 0.5596666666666666 0.3605 0.5743333333333334 0.35875 0.5883333333333334 0.35825 0.5906666666666667 0.3565 0.5926666666666667 0.3525 0.593 0.3425 0.591 0.3075 0.59 0.3 0.588 0.29575 0.585 0.29475 0.5703333333333334 0.29475 0.5476666666666666 0.296 0.521 0.29625 0.5116666666666667 0.2975 0.5076666666666667 0.29975
0 0.26066666666666666 0.5675 0.26066666666666666 0.62175 0.2613333333333333 0.6265 0.263 0.62825 0.267 0.62925 0.3273333333333333 0.62875 0.342 0.6275 0.3453333333333333 0.62575 0.3466666666666667 0.6235 0.3466666666666667 0.588 0.3463333333333333 0.57025 0.346 0.56725 0.3446666666666667 0.5655 0.3423333333333333 0.5645 0.335 0.56425 0.2976666666666667 0.56575 0.26766666666666666 0.56575 0.262 0.5665 0.26066666666666666 0.5675
0 0.5193333333333333 0.4965 0.5186666666666667 0.49925 0.5196666666666667 0.505 0.5213333333333333 0.54675 0.5226666666666666 0.5515 0.5246666666666666 0.55425 0.5313333333333333 0.555 0.5613333333333334 0.55375 0.564 0.55275 0.5746666666666667 0.55325 0.578 0.5525 0.5953333333333334 0.552 0.6026666666666667 0.55 0.605 0.54575 0.6036666666666667 0.503 0.6026666666666667 0.4945 0.599 0.49 0.5943333333333334 0.4895 0.5253333333333333 0.493 0.5213333333333333 0.49425 0.5193333333333333 0.4965
0 0.421 0.37375 0.421 0.4045 0.42233333333333334 0.41275 0.42233333333333334 0.426 0.42333333333333334 0.43175 0.425 0.43325 0.434 0.43425 0.44533333333333336 0.4335 0.453 0.434 0.465 0.433 0.4886666666666667 0.43375 0.49933333333333335 0.43325 0.503 0.432 0.5056666666666667 0.429 0.5066666666666667 0.42325 0.5056666666666667 0.41275 0.5056666666666667 0.3795 0.5043333333333333 0.37325 0.5023333333333333 0.37075 0.428 0.37075 0.423 0.37175 0.421 0.37375
0 0.3343333333333333 0.386 0.3353333333333333 0.4095 0.33766666666666667 0.4215 0.33766666666666667 0.429 0.339 0.43175 0.33766666666666667 0.4375 0.33766666666666667 0.44225 0.33866666666666667 0.44325 0.3473333333333333 0.44475 0.36766666666666664 0.44475 0.38166666666666665 0.4435 0.4103333333333333 0.4435 0.417 0.44275 0.419 0.44175 0.421 0.43925 0.42133333333333334 0.433 0.4196666666666667 0.38825 0.419 0.38375 0.41733333333333333 0.382 0.414 0.3805 0.4093333333333333 0.38025 0.359 0.3815 0.3526666666666667 0.38225 0.345 0.38175 0.3363333333333333 0.383 0.3343333333333333 0.386
0 0.3473333333333333 0.56425 0.3473333333333333 0.614 0.3476666666666667 0.6205 0.35 0.62375 0.352 0.6245 0.36333333333333334 0.62475 0.42233333333333334 0.624 0.42533333333333334 0.62375 0.42866666666666664 0.62175 0.43033333333333335 0.616 0.43033333333333335 0.5665 0.42833333333333334 0.562 0.42233333333333334 0.561 0.3566666666666667 0.56125 0.34933333333333333 0.56225 0.3473333333333333 0.56425
0 0.5916666666666667 0.23075 0.5913333333333334 0.28625 0.5923333333333334 0.28975 0.5936666666666667 0.291 0.6006666666666667 0.29225 0.6623333333333333 0.2925 0.671 0.2915 0.673 0.29025 0.6746666666666666 0.2815 0.6753333333333333 0.249 0.675 0.23175 0.673 0.22925 0.6686666666666666 0.22825 0.6583333333333333 0.22775 0.6023333333333334 0.228 0.5953333333333334 0.22875 0.5916666666666667 0.23075
0 0.6796666666666666 0.30775 0.679 0.35475 0.6796666666666666 0.358 0.6813333333333333 0.36 0.7066666666666667 0.3605 0.7293333333333333 0.35925 0.751 0.3595 0.755 0.359 0.7583333333333333 0.35725 0.7596666666666667 0.351 0.76 0.32475 0.7596666666666667 0.30225 0.7583333333333333 0.298 0.755 0.29675 0.745 0.29675 0.734 0.297 0.728 0.298 0.713 0.2975 0.6873333333333334 0.29825 0.6803333333333333 0.30025 0.6796666666666666 0.30775
0 0.84 0.232 0.8423333333333334 0.27225 0.842 0.2835 0.841 0.287 0.8423333333333334 0.29 0.8453333333333334 0.29125 0.85 0.2915 0.8963333333333333 0.291 0.9133333333333333 0.2905 0.9183333333333333 0.28975 0.9203333333333333 0.2885 0.9216666666666666 0.28675 0.9223333333333333 0.28275 0.922 0.2395 0.9213333333333333 0.232 0.9193333333333333 0.22925 0.9146666666666666 0.228 0.9066666666666666 0.2275 0.873 0.228 0.8666666666666667 0.22875 0.847 0.229 0.8413333333333334 0.23025 0.84 0.232
0 0.61 0.441 0.609 0.486 0.6096666666666667 0.48925 0.6116666666666667 0.492 0.6153333333333333 0.493 0.6233333333333333 0.4935 0.6656666666666666 0.49325 0.6823333333333333 0.4925 0.6893333333333334 0.49075 0.6906666666666667 0.48825 0.6913333333333334 0.48275 0.693 0.44 0.693 0.43575 0.69 0.432 0.682 0.431 0.6163333333333333 0.432 0.6123333333333333 0.433 0.6106666666666667 0.43475 0.61 0.441
0 0.507 0.36675 0.5063333333333333 0.374 0.5076666666666667 0.419 0.51 0.42525 0.512 0.42675 0.5176666666666667 0.42725 0.5316666666666666 0.4265 0.578 0.42625 0.585 0.425 0.5886666666666667 0.4235 0.59 0.42125 0.5903333333333334 0.41075 0.589 0.39325 0.5886666666666667 0.36625 0.587 0.36475 0.5813333333333334 0.363 0.5726666666666667 0.3625 0.5493333333333333 0.363 0.528 0.36225 0.5123333333333333 0.3635 0.5086666666666667 0.365 0.507 0.36675
0 0.43166666666666664 0.56825 0.43133333333333335 0.62175 0.43233333333333335 0.624 0.43533333333333335 0.62525 0.442 0.62575 0.4623333333333333 0.62525 0.47 0.62425 0.476 0.62525 0.49566666666666664 0.62575 0.5056666666666667 0.6255 0.5123333333333333 0.6235 0.514 0.61975 0.5146666666666667 0.614 0.515 0.574 0.514 0.56675 0.512 0.56275 0.505 0.562 0.49533333333333335 0.563 0.441 0.563 0.434 0.564 0.43233333333333335 0.56525 0.43166666666666664 0.56825
0 0.5176666666666667 0.431 0.5173333333333333 0.48675 0.519 0.48975 0.534 0.49125 0.5536666666666666 0.4895 0.5896666666666667 0.489 0.5953333333333334 0.4885 0.5976666666666667 0.4875 0.599 0.485 0.5996666666666667 0.4755 0.5993333333333334 0.437 0.5986666666666667 0.43225 0.5953333333333334 0.42775 0.5903333333333334 0.4265 0.5866666666666667 0.4265 0.547 0.4285 0.5293333333333333 0.428 0.5223333333333333 0.4285 0.5176666666666667 0.431
0 0.517 0.55875 0.5156666666666667 0.56075 0.5156666666666667 0.565 0.518 0.602 0.5196666666666667 0.61275 0.5223333333333333 0.61675 0.5253333333333333 0.61825 0.5423333333333333 0.61775 0.59 0.6135 0.5953333333333334 0.6125 0.5986666666666667 0.61075 0.6 0.60775 0.6003333333333334 0.60125 0.5973333333333334 0.5675 0.5956666666666667 0.557 0.5926666666666667 0.55425 0.5886666666666667 0.5535 0.579 0.5535 0.5716666666666667 0.55575 0.5573333333333333 0.555 0.5273333333333333 0.5555 0.521 0.5565 0.517 0.55875
0 0.5903333333333334 0.36825 0.5916666666666667 0.42175 0.5956666666666667 0.42675 0.618 0.42725 0.6386666666666667 0.42625 0.6583333333333333 0.4265 0.6686666666666666 0.42525 0.6736666666666666 0.42275 0.6753333333333333 0.417 0.6733333333333333 0.39775 0.6726666666666666 0.3695 0.6723333333333333 0.36625 0.6703333333333333 0.364 0.6653333333333333 0.36275 0.6616666666666666 0.36275 0.5983333333333334 0.36475 0.5926666666666667 0.366 0.5903333333333334 0.36825