0 0.5085 0.6283333333333333 0.508 0.634 0.509 0.65 0.509 0.6706666666666666 0.51025 0.6733333333333333 0.53775 0.6733333333333333 0.54375 0.672 0.5445 0.669 0.5445 0.6296666666666667 0.5435 0.626 0.53975 0.6246666666666667 0.512 0.626 0.50975 0.6266666666666667
0 0.54625 0.49866666666666665 0.546 0.5303333333333333 0.547 0.5353333333333333 0.54975 0.5366666666666666 0.55725 0.536 0.578 0.5373333333333333 0.5805 0.535 0.58125 0.5326666666666666 0.581 0.494 0.5785 0.49233333333333335 0.55025 0.49 0.54725 0.49266666666666664
0 0.62325 0.386 0.623 0.3973333333333333 0.62375 0.40066666666666667 0.62575 0.403 0.63825 0.4036666666666667 0.644 0.405 0.65575 0.4046666666666667 0.658 0.40166666666666667 0.65825 0.36333333333333334 0.65675 0.3616666666666667 0.64425 0.3586666666666667 0.62675 0.35733333333333334 0.625 0.35933333333333334 0.624 0.366 0.62425 0.373
0 0.619 0.558 0.61875 0.5853333333333334 0.6195 0.5873333333333334 0.6435 0.5896666666666667 0.651 0.5896666666666667 0.65225 0.5883333333333334 0.65425 0.5696666666666667 0.6545 0.5586666666666666 0.6545 0.548 0.6525 0.544 0.651 0.543 0.64275 0.5423333333333333 0.62225 0.5416666666666666 0.6205 0.5426666666666666 0.61975 0.5443333333333333
0 0.55125 0.42833333333333334 0.55125 0.43966666666666665 0.5535 0.44333333333333336 0.575 0.444 0.578 0.445 0.585 0.444 0.58575 0.442 0.587 0.41633333333333333 0.58675 0.4026666666666667 0.58375 0.4 0.57225 0.39866666666666667 0.55675 0.3983333333333333 0.55375 0.4 0.55225 0.4086666666666667
0 0.327 0.626 0.3275 0.6653333333333333 0.3285 0.668 0.33175 0.6693333333333333 0.358 0.667 0.361 0.6663333333333333 0.36275 0.6646666666666666 0.36325 0.6576666666666666 0.36225 0.6473333333333333 0.363 0.641 0.362 0.6333333333333333 0.36425 0.624 0.364 0.62 0.36275 0.6183333333333333 0.3315 0.62 0.328 0.622
0 0.65575 0.5463333333333333 0.6555 0.569 0.65375 0.58 0.654 0.5856666666666667 0.65875 0.5886666666666667 0.67275 0.5906666666666667 0.681 0.593 0.6855 0.5933333333333334 0.68725 0.5923333333333334 0.689 0.5833333333333334 0.691 0.5503333333333333 0.689 0.5483333333333333 0.6825 0.5463333333333333 0.66125 0.5416666666666666 0.65675 0.5426666666666666
0 0.47375 0.63 0.4735 0.6683333333333333 0.474 0.672 0.47525 0.6743333333333333 0.47725 0.6753333333333333 0.5055 0.6743333333333333 0.50875 0.672 0.5085 0.63 0.50725 0.627 0.477 0.6273333333333333 0.475 0.628
0 0.62625 0.32266666666666666 0.62575 0.3556666666666667 0.6265 0.357 0.64475 0.35733333333333334 0.651 0.36 0.65725 0.361 0.6595 0.359 0.66075 0.35 0.661 0.31966666666666665 0.66025 0.317 0.64425 0.31433333333333335 0.629 0.314 0.62675 0.31666666666666665
0 0.4375 0.6243333333333333 0.4365 0.6646666666666666 0.438 0.668 0.43925 0.6686666666666666 0.45375 0.6676666666666666 0.4685 0.6686666666666666 0.47175 0.6663333333333333 0.4725 0.6606666666666666 0.47325 0.632 0.47325 0.623 0.4725 0.622 0.4705 0.621 0.442 0.619 0.439 0.6196666666666667
0 0.36325 0.629 0.3635 0.6666666666666666 0.364 0.671 0.365 0.6726666666666666 0.3685 0.6733333333333333 0.396 0.672 0.39875 0.6706666666666666 0.4 0.628 0.39925 0.6246666666666667 0.3975 0.622 0.38175 0.624 0.36625 0.6243333333333333 0.36425 0.6263333333333333
0 0.512 0.5393333333333333 0.51175 0.579 0.5125 0.5816666666666667 0.54025 0.583 0.54375 0.5826666666666667 0.54575 0.5813333333333334 0.54725 0.5523333333333333 0.54725 0.5416666666666666 0.546 0.5373333333333333 0.5425 0.5363333333333333 0.51525 0.5356666666666666 0.513 0.5363333333333333
0 0.622 0.428 0.62175 0.44566666666666666 0.623 0.4483333333333333 0.65425 0.4493333333333333 0.656 0.44533333333333336 0.65675 0.43833333333333335 0.65775 0.408 0.65525 0.4056666666666667 0.64575 0.4056666666666667 0.64125 0.404 0.6255 0.4033333333333333 0.62325 0.4076666666666667
0 0.4 0.6513333333333333 0.4 0.667 0.4015 0.6703333333333333 0.408 0.6716666666666666 0.42775 0.673 0.432 0.673 0.434 0.672 0.43525 0.6676666666666666 0.437 0.6413333333333333 0.4365 0.6246666666666667 0.43575 0.6233333333333333 0.425 0.6236666666666667 0.41 0.6213333333333333 0.4045 0.622 0.402 0.6266666666666667 0.40125 0.631
0 0.5155 0.4643333333333333 0.51475 0.48433333333333334 0.5165 0.4876666666666667 0.5375 0.49 0.544 0.49 0.5485 0.4876666666666667 0.551 0.45066666666666666 0.54925 0.446 0.5305 0.44366666666666665 0.51875 0.44333333333333336 0.51725 0.44566666666666666
0 0.62075 0.452 0.62025 0.4723333333333333 0.61925 0.4806666666666667 0.6195 0.4876666666666667 0.62025 0.48933333333333334 0.6225 0.49166666666666664 0.634 0.49433333333333335 0.65175 0.495 0.65275 0.49366666666666664 0.6535 0.4886666666666667 0.65475 0.453 0.651 0.45066666666666666 0.6305 0.4483333333333333 0.62275 0.44866666666666666 0.62125 0.45
0 0.54675 0.603 0.546 0.6263333333333333 0.54675 0.6306666666666667 0.57875 0.632 0.581 0.6303333333333333 0.58225 0.6023333333333334 0.58225 0.5876666666666667 0.5815 0.586 0.562 0.584 0.54975 0.584 0.5485 0.585 0.5475 0.5883333333333334
0 0.64975 0.5463333333333333 0.65075 0.5483333333333333 0.652 0.5466666666666666
0 0.5455 0.6386666666666667 0.54575 0.6616666666666666 0.545 0.6733333333333333 0.54625 0.679 0.568 0.6806666666666666 0.5765 0.6806666666666666 0.57925 0.6793333333333333 0.58025 0.673 0.581 0.645 0.58075 0.637 0.57925 0.6346666666666667 0.578 0.6336666666666667 0.57 0.6326666666666667 0.54925 0.6323333333333333 0.5465 0.6333333333333333
0 0.55075 0.453 0.5495 0.4876666666666667 0.55275 0.489 0.57475 0.49033333333333334 0.57775 0.49133333333333334 0.58225 0.48933333333333334 0.583 0.4876666666666667 0.583 0.4746666666666667 0.5855 0.4543333333333333 0.5855 0.4493333333333333 0.584 0.446 0.562 0.44433333333333336 0.5535 0.44466666666666665 0.5515 0.44633333333333336
0 0.5475 0.546 0.54775 0.5576666666666666 0.54625 0.5746666666666667 0.54775 0.5816666666666667 0.5495 0.5826666666666667 0.5645 0.5826666666666667 0.5755 0.584 0.57875 0.584 0.58175 0.582 0.5825 0.5503333333333333 0.582 0.5403333333333333 0.581 0.5383333333333333 0.578 0.537 0.54975 0.538 0.548 0.5396666666666666
0 0.55475 0.36 0.5545 0.383 0.55525 0.394 0.556 0.39566666666666667 0.55725 0.39666666666666667 0.572 0.39666666666666667 0.58525 0.3963333333333333 0.5885 0.3953333333333333 0.5895 0.391 0.5895 0.37933333333333336 0.58875 0.35433333333333333 0.58775 0.352 0.58525 0.351 0.55675 0.35133333333333333 0.55525 0.35233333333333333
0 0.58375 0.54 0.58375 0.5616666666666666 0.58275 0.5763333333333334 0.58325 0.5826666666666667 0.585 0.5843333333333334 0.611 0.5863333333333334 0.61675 0.5856666666666667 0.61775 0.5826666666666667 0.6185 0.5746666666666667 0.61925 0.5426666666666666 0.616 0.54 0.60425 0.5386666666666666 0.5885 0.538 0.58525 0.5386666666666666
0 0.58425 0.4663333333333333 0.5845 0.471 0.5835 0.478 0.58425 0.48733333333333334 0.5855 0.489 0.588 0.49033333333333334 0.6085 0.49233333333333335 0.6165 0.492 0.61825 0.49066666666666664 0.61925 0.4876666666666667 0.62 0.455 0.62075 0.45 0.62025 0.449 0.6125 0.446 0.5965 0.44466666666666665 0.58675 0.44566666666666666 0.5855 0.44866666666666666 0.5855 0.4573333333333333
0 0.61875 0.504 0.6175 0.5333333333333333 0.61975 0.54 0.6225 0.541 0.63575 0.541 0.6465 0.5423333333333333 0.65075 0.5423333333333333 0.65225 0.541 0.6535 0.5303333333333333 0.65375 0.5 0.65275 0.49733333333333335 0.649 0.496 0.63275 0.49533333333333335 0.623 0.49266666666666664 0.61975 0.49466666666666664