0 0.7935 0.203 0.79325 0.21333333333333335 0.79525 0.24066666666666667 0.79475 0.25766666666666665 0.797 0.26266666666666666 0.80625 0.26566666666666666 0.84925 0.2703333333333333 0.8595 0.27 0.86275 0.269 0.86425 0.267 0.866 0.26166666666666666 0.8665 0.257 0.86625 0.24 0.86325 0.21066666666666667 0.86225 0.20666666666666667 0.86075 0.20466666666666666 0.85675 0.20233333333333334 0.84775 0.20033333333333334 0.823 0.19866666666666666 0.80725 0.19633333333333333 0.79975 0.19633333333333333 0.79675 0.19733333333333333 0.79425 0.19966666666666666 0.7935 0.203
0 0.42025 0.6996666666666667 0.41975 0.737 0.42075 0.741 0.42425 0.7433333333333333 0.4335 0.7453333333333333 0.463 0.7463333333333333 0.497 0.7456666666666667 0.505 0.7436666666666667 0.508 0.7406666666666667 0.50875 0.7376666666666667 0.51 0.721 0.509 0.6706666666666666 0.50825 0.6506666666666666 0.50725 0.645 0.50525 0.6426666666666667 0.502 0.6416666666666667 0.48425 0.64 0.43825 0.6396666666666667 0.431 0.6403333333333333 0.42525 0.6423333333333333 0.42325 0.6443333333333333 0.42175 0.651 0.42025 0.6996666666666667
0 0.123 0.26033333333333336 0.123 0.27166666666666667 0.12575 0.31 0.1275 0.321 0.13 0.326 0.13325 0.32766666666666666 0.13975 0.32766666666666666 0.18575 0.32 0.19575 0.31766666666666665 0.1995 0.316 0.20125 0.31366666666666665 0.202 0.31066666666666665 0.2015 0.3 0.19625 0.25466666666666665 0.1945 0.24833333333333332 0.193 0.24633333333333332 0.18525 0.24466666666666667 0.134 0.253 0.1265 0.25533333333333336 0.1235 0.25833333333333336 0.123 0.26033333333333336
0 0.76425 0.558 0.764 0.5756666666666667 0.7655 0.5893333333333334 0.76875 0.6093333333333333 0.771 0.63 0.77325 0.64 0.7755 0.644 0.77875 0.6456666666666667 0.78275 0.646 0.83275 0.647 0.85175 0.6463333333333333 0.85575 0.644 0.85925 0.6343333333333333 0.85925 0.6213333333333333 0.8515 0.583 0.848 0.5616666666666666 0.8465 0.5563333333333333 0.84375 0.553 0.8385 0.5503333333333333 0.834 0.5496666666666666 0.79075 0.5493333333333333 0.7785 0.5483333333333333 0.7695 0.5493333333333333 0.76625 0.5513333333333333 0.76475 0.5536666666666666 0.76425 0.558
0 0.67475 0.43766666666666665 0.67525 0.44133333333333336 0.67525 0.43666666666666665 0.67475 0.43766666666666665
0 0.7475 0.406 0.747 0.408 0.7485 0.4126666666666667 0.7525 0.44066666666666665 0.7545 0.46166666666666667 0.75625 0.4696666666666667 0.7585 0.4746666666666667 0.769 0.471 0.80475 0.4706666666666667 0.8265 0.4716666666666667 0.83275 0.473 0.83525 0.473 0.83675 0.471 0.83675 0.46066666666666667 0.829 0.42533333333333334 0.827 0.41133333333333333 0.82475 0.405 0.8215 0.402 0.81625 0.4003333333333333 0.77575 0.4003333333333333 0.75725 0.3993333333333333 0.751 0.401 0.7475 0.406
0 0.366 0.25066666666666665 0.366 0.26866666666666666 0.367 0.27266666666666667 0.36925 0.275 0.39575 0.2773333333333333 0.43225 0.278 0.435 0.276 0.43675 0.26666666666666666 0.4375 0.237 0.439 0.22133333333333333 0.4385 0.212 0.43675 0.20866666666666667 0.433 0.207 0.38375 0.204 0.37325 0.20533333333333334 0.372 0.20666666666666667 0.37025 0.213 0.366 0.25066666666666665
0 0.75875 0.477 0.7585 0.486 0.7615 0.5176666666666667 0.7655 0.5403333333333333 0.76775 0.5476666666666666 0.83525 0.5486666666666666 0.84275 0.551 0.846 0.5536666666666666 0.84925 0.5536666666666666 0.85075 0.5466666666666666 0.84975 0.5333333333333333 0.84075 0.48833333333333334 0.83875 0.4806666666666667 0.836 0.4756666666666667 0.8265 0.4726666666666667 0.7755 0.4716666666666667 0.76575 0.4723333333333333 0.76175 0.474 0.75875 0.477
0 0.435 0.3973333333333333 0.43575 0.4663333333333333 0.43625 0.4703333333333333 0.438 0.474 0.4395 0.475 0.447 0.4756666666666667 0.4985 0.4746666666666667 0.5085 0.4736666666666667 0.51375 0.4703333333333333 0.515 0.46266666666666667 0.515 0.4523333333333333 0.5135 0.42 0.5115 0.405 0.5115 0.3973333333333333 0.50925 0.392 0.5055 0.3893333333333333 0.4485 0.38966666666666666 0.43925 0.3913333333333333 0.43575 0.394 0.435 0.3973333333333333
0 0.2365 0.668 0.23675 0.704 0.2355 0.72 0.23625 0.7303333333333333 0.236 0.7413333333333333 0.23775 0.7513333333333333 0.24 0.756 0.247 0.7576666666666667 0.2575 0.7573333333333333 0.30425 0.753 0.3215 0.7496666666666667 0.325 0.7476666666666667 0.327 0.745 0.32775 0.736 0.32675 0.7166666666666667 0.327 0.6786666666666666 0.326 0.6536666666666666 0.32425 0.6476666666666666 0.3225 0.6456666666666667 0.31575 0.6443333333333333 0.24525 0.6516666666666666 0.24 0.6543333333333333 0.23825 0.6566666666666666 0.2365 0.668
0 0.441 0.21266666666666667 0.441 0.2643333333333333 0.44175 0.27 0.444 0.27266666666666667 0.45375 0.27366666666666667 0.45525 0.2723333333333333 0.45575 0.268 0.4575 0.264 0.4645 0.261 0.50875 0.26066666666666666 0.51075 0.25866666666666666 0.5115 0.24766666666666667 0.50975 0.21833333333333332 0.51 0.20966666666666667 0.508 0.206 0.5055 0.204 0.48525 0.203 0.46925 0.204 0.4565 0.20233333333333334 0.4495 0.20266666666666666 0.44275 0.20633333333333334 0.441 0.21266666666666667
0 0.44875 0.3353333333333333 0.4485 0.37066666666666664 0.44875 0.386 0.4495 0.388 0.45175 0.389 0.46775 0.388 0.50275 0.3883333333333333 0.50625 0.3893333333333333 0.5105 0.3923333333333333 0.512 0.39466666666666667 0.514 0.3953333333333333 0.5185 0.395 0.52275 0.39266666666666666 0.52375 0.388 0.52275 0.3343333333333333 0.5225 0.3313333333333333 0.51875 0.3253333333333333 0.5135 0.3233333333333333 0.4565 0.3233333333333333 0.4525 0.32466666666666666 0.45075 0.32666666666666666 0.44925 0.3303333333333333 0.44875 0.3353333333333333
0 0.33125 0.6663333333333333 0.33 0.6973333333333334 0.328 0.7196666666666667 0.3295 0.7366666666666667 0.33125 0.742 0.335 0.744 0.34525 0.745 0.39775 0.7453333333333333 0.41125 0.744 0.41475 0.743 0.417 0.7406666666666667 0.419 0.7313333333333333 0.41975 0.6836666666666666 0.421 0.6613333333333333 0.42075 0.6456666666666667 0.42025 0.6436666666666667 0.41775 0.6406666666666667 0.414 0.6386666666666667 0.4055 0.638 0.3545 0.6376666666666667 0.33975 0.6386666666666667 0.33725 0.64 0.334 0.645 0.3325 0.6513333333333333 0.33125 0.6663333333333333
0 0.66775 0.3973333333333333 0.6675 0.405 0.669 0.41133333333333333 0.671 0.43833333333333335 0.67325 0.451 0.67425 0.4703333333333333 0.67575 0.474 0.68125 0.4756666666666667 0.725 0.47833333333333333 0.7445 0.478 0.749 0.474 0.751 0.46366666666666667 0.75 0.44333333333333336 0.74775 0.431 0.74575 0.407 0.7425 0.39766666666666667 0.741 0.39566666666666667 0.7375 0.39366666666666666 0.73125 0.393 0.67875 0.391 0.67075 0.3923333333333333 0.6685 0.3943333333333333 0.66775 0.3973333333333333
0 0.4555 0.2703333333333333 0.45575 0.32133333333333336 0.4565 0.32233333333333336 0.5145 0.32233333333333336 0.5175 0.3233333333333333 0.52025 0.32566666666666666 0.5225 0.32966666666666666 0.52625 0.32966666666666666 0.528 0.32166666666666666 0.528 0.2966666666666667 0.5265 0.272 0.5255 0.2683333333333333 0.52275 0.264 0.51225 0.2613333333333333 0.50225 0.26266666666666666 0.4655 0.262 0.458 0.2643333333333333 0.457 0.2653333333333333 0.4555 0.2703333333333333
0 0.20475 0.431 0.20425 0.44 0.2085 0.492 0.21 0.5056666666666667 0.2125 0.5096666666666667 0.216 0.511 0.22325 0.511 0.2385 0.5086666666666667 0.283 0.499 0.2905 0.49466666666666664 0.29175 0.49133333333333334 0.29075 0.4766666666666667 0.28275 0.42133333333333334 0.27975 0.41533333333333333 0.27625 0.414 0.26875 0.41433333333333333 0.2175 0.424 0.2095 0.42633333333333334 0.20675 0.428 0.20475 0.431
0 0.5865 0.47933333333333333 0.587 0.506 0.5885 0.5296666666666666 0.58975 0.5443333333333333 0.59175 0.5513333333333333 0.6005 0.5486666666666666 0.6275 0.5483333333333333 0.6355 0.5493333333333333 0.6605 0.549 0.67175 0.5516666666666666 0.6725 0.5483333333333333 0.67225 0.5383333333333333 0.67075 0.5223333333333333 0.668 0.505 0.667 0.4876666666666667 0.665 0.47933333333333333 0.66175 0.4746666666666667 0.65525 0.4723333333333333 0.59475 0.4726666666666667 0.58825 0.47533333333333333 0.58675 0.47733333333333333 0.5865 0.47933333333333333
0 0.449 0.161 0.44875 0.20033333333333334 0.4495 0.202 0.50175 0.20266666666666666 0.50625 0.20433333333333334 0.5115 0.20933333333333334 0.5135 0.20866666666666667 0.51475 0.207 0.516 0.203 0.51575 0.17233333333333334 0.5145 0.15433333333333332 0.5125 0.151 0.50575 0.149 0.45725 0.149 0.45275 0.15 0.45075 0.15166666666666667 0.4495 0.155 0.449 0.161
0 0.591 0.557 0.592 0.596 0.59375 0.611 0.59475 0.6336666666666667 0.5955 0.6356666666666667 0.59925 0.6363333333333333 0.60825 0.6323333333333333 0.622 0.631 0.65975 0.633 0.67425 0.635 0.67875 0.635 0.68 0.6336666666666667 0.6805 0.6273333333333333 0.67975 0.6156666666666667 0.6745 0.5746666666666667 0.674 0.564 0.67225 0.557 0.67 0.5533333333333333 0.66175 0.5506666666666666 0.63675 0.5513333333333333 0.62225 0.5496666666666666 0.60125 0.5496666666666666 0.59275 0.5526666666666666 0.591 0.557
0 0.51 0.6406666666666667 0.50925 0.6436666666666667 0.50925 0.6553333333333333 0.51075 0.711 0.51025 0.736 0.512 0.74 0.5155 0.742 0.52225 0.743 0.56575 0.7436666666666667 0.5905 0.7433333333333333 0.5955 0.7423333333333333 0.59725 0.741 0.599 0.738 0.6 0.734 0.59975 0.7076666666666667 0.59725 0.681 0.59575 0.6463333333333333 0.594 0.64 0.589 0.6373333333333333 0.51725 0.6366666666666667 0.512 0.638 0.51 0.6406666666666667
0 0.51375 0.4003333333333333 0.51425 0.43333333333333335 0.516 0.456 0.51575 0.4706666666666667 0.5165 0.474 0.5185 0.477 0.523 0.479 0.53425 0.4796666666666667 0.582 0.479 0.585 0.478 0.58675 0.47533333333333333 0.593 0.4703333333333333 0.5935 0.45466666666666666 0.59025 0.42 0.59 0.4043333333333333 0.58925 0.401 0.58675 0.3973333333333333 0.58175 0.3953333333333333 0.5755 0.39466666666666667 0.525 0.39466666666666667 0.51825 0.3963333333333333 0.51375 0.4003333333333333
0 0.597 0.6416666666666667 0.599 0.6836666666666666 0.60075 0.7026666666666667 0.6015 0.7333333333333333 0.60225 0.735 0.60575 0.738 0.61175 0.7393333333333333 0.66675 0.742 0.6825 0.7413333333333333 0.68825 0.7376666666666667 0.69075 0.7266666666666667 0.69025 0.711 0.684 0.6473333333333333 0.68125 0.64 0.67825 0.6373333333333333 0.67225 0.6356666666666667 0.65275 0.6346666666666667 0.64225 0.6353333333333333 0.6225 0.633 0.6025 0.6353333333333333 0.5995 0.6373333333333333 0.597 0.6416666666666667
0 0.51425 0.22266666666666668 0.513 0.246 0.51325 0.25866666666666666 0.52425 0.26366666666666666 0.5265 0.2673333333333333 0.529 0.2763333333333333 0.53275 0.2773333333333333 0.57275 0.2793333333333333 0.5785 0.2783333333333333 0.58075 0.276 0.5825 0.265 0.58375 0.229 0.58375 0.216 0.58225 0.21233333333333335 0.57825 0.20966666666666667 0.56525 0.20766666666666667 0.5215 0.20533333333333334 0.51875 0.20633333333333334 0.516 0.20966666666666667 0.515 0.213 0.51425 0.22266666666666668
0 0.73575 0.3413333333333333 0.7355 0.3536666666666667 0.73875 0.384 0.74075 0.3933333333333333 0.745 0.3993333333333333 0.748 0.4013333333333333 0.75175 0.399 0.7575 0.39766666666666667 0.814 0.39966666666666667 0.818 0.399 0.81925 0.3973333333333333 0.815 0.378 0.81025 0.3486666666666667 0.80775 0.3416666666666667 0.80425 0.3383333333333333 0.7835 0.3363333333333333 0.746 0.3353333333333333 0.738 0.3373333333333333 0.73575 0.3413333333333333
0 0.5915 0.4043333333333333 0.5915 0.4196666666666667 0.5945 0.4493333333333333 0.5945 0.4673333333333333 0.59525 0.4706666666666667 0.609 0.4716666666666667 0.656 0.4713333333333333 0.65975 0.4723333333333333 0.66375 0.47533333333333333 0.66525 0.47733333333333333 0.666 0.481 0.66825 0.484 0.67175 0.481 0.67375 0.4713333333333333 0.67275 0.45266666666666666 0.6705 0.43933333333333335 0.66725 0.4076666666666667 0.66625 0.404 0.66475 0.402 0.65625 0.4 0.60075 0.4003333333333333 0.59525 0.401 0.5915 0.4043333333333333
0 0.58325 0.24733333333333332 0.583 0.2693333333333333 0.58475 0.2723333333333333 0.58825 0.27466666666666667 0.635 0.2803333333333333 0.64725 0.2796666666666667 0.651 0.276 0.65175 0.2713333333333333 0.654 0.231 0.654 0.217 0.652 0.213 0.644 0.21 0.60025 0.20533333333333334 0.59025 0.20566666666666666 0.58825 0.20666666666666667 0.586 0.21133333333333335 0.58325 0.24733333333333332