0 0.76175 0.21 0.761 0.22866666666666666 0.75875 0.24666666666666667 0.75925 0.253 0.76125 0.256 0.789 0.262 0.8015 0.263 0.81625 0.2663333333333333 0.825 0.2663333333333333 0.828 0.264 0.82875 0.2623333333333333 0.83075 0.25366666666666665 0.836 0.186 0.8355 0.17866666666666667 0.83325 0.17533333333333334 0.823 0.172 0.806 0.16966666666666666 0.78225 0.16466666666666666 0.77375 0.16366666666666665 0.76925 0.16466666666666666 0.7665 0.16766666666666666 0.7655 0.171 0.76425 0.18966666666666668 0.76175 0.21
0 0.5405 0.25666666666666665 0.54075 0.269 0.54175 0.27066666666666667 0.54625 0.273 0.56375 0.2753333333333333 0.592 0.2813333333333333 0.602 0.2826666666666667 0.60675 0.2816666666666667 0.608 0.28 0.60925 0.2753333333333333 0.61175 0.25866666666666666 0.617 0.19966666666666666 0.61625 0.192 0.613 0.18866666666666668 0.60575 0.18666666666666668 0.5565 0.17866666666666667 0.55375 0.17833333333333334 0.54975 0.17966666666666667 0.548 0.18233333333333332 0.546 0.191 0.544 0.22266666666666668 0.5405 0.25666666666666665
0 0.374 0.798 0.3745 0.8223333333333334 0.3735 0.8373333333333334 0.374 0.8453333333333334 0.373 0.873 0.37525 0.8773333333333333 0.37975 0.879 0.40075 0.8786666666666667 0.429 0.88 0.44275 0.879 0.4465 0.8763333333333333 0.4475 0.8736666666666667 0.44825 0.8633333333333333 0.448 0.8476666666666667 0.449 0.83 0.4485 0.814 0.45025 0.798 0.45 0.789 0.44875 0.783 0.44775 0.7816666666666666 0.43925 0.78 0.4045 0.7796666666666666 0.38 0.778 0.3765 0.78 0.37525 0.7823333333333333 0.374 0.798
0 0.0725 0.259 0.07225 0.2693333333333333 0.082 0.3383333333333333 0.08325 0.343 0.085 0.3456666666666667 0.08775 0.347 0.09575 0.3466666666666667 0.15475 0.3313333333333333 0.15575 0.32666666666666666 0.15325 0.30466666666666664 0.15125 0.2946666666666667 0.14525 0.24766666666666667 0.144 0.24266666666666667 0.1425 0.241 0.1405 0.24 0.13225 0.24066666666666667 0.0815 0.253 0.0765 0.25466666666666665 0.0725 0.259
0 0.46275 0.47533333333333333 0.4625 0.5156666666666667 0.46325 0.5213333333333333 0.46325 0.5413333333333333 0.4625 0.5543333333333333 0.46425 0.564 0.467 0.5656666666666667 0.47575 0.566 0.52925 0.566 0.533 0.5636666666666666 0.534 0.561 0.53475 0.554 0.53475 0.4806666666666667 0.534 0.47433333333333333 0.5325 0.4713333333333333 0.5295 0.47 0.52475 0.4696666666666667 0.4685 0.469 0.465 0.4703333333333333 0.46325 0.4726666666666667 0.46275 0.47533333333333333
0 0.67625 0.7196666666666667 0.6765 0.7623333333333333 0.6775 0.7666666666666667 0.68075 0.7706666666666667 0.68725 0.7726666666666666 0.7335 0.774 0.7475 0.7736666666666666 0.75 0.7726666666666666 0.7515 0.7706666666666667 0.7525 0.7643333333333333 0.753 0.742 0.752 0.6843333333333333 0.75025 0.6786666666666666 0.74825 0.6763333333333333 0.745 0.675 0.72 0.675 0.693 0.6733333333333333 0.68225 0.6746666666666666 0.679 0.679 0.6775 0.689 0.67625 0.7196666666666667
0 0.38775 0.47433333333333333 0.38825 0.54 0.38925 0.5536666666666666 0.39075 0.5586666666666666 0.3935 0.5606666666666666 0.3985 0.561 0.4115 0.5593333333333333 0.4515 0.559 0.46025 0.5566666666666666 0.4615 0.5536666666666666 0.46175 0.5453333333333333 0.461 0.5176666666666667 0.46125 0.4696666666666667 0.45925 0.463 0.4565 0.461 0.42675 0.462 0.404 0.4613333333333333 0.3935 0.46266666666666667 0.39025 0.46366666666666667 0.3885 0.4666666666666667 0.38775 0.47433333333333333
0 0.21725 0.799 0.21975 0.8766666666666667 0.22125 0.887 0.22275 0.889 0.22925 0.8903333333333333 0.2615 0.8863333333333333 0.2745 0.8856666666666667 0.28975 0.8836666666666667 0.293 0.8826666666666667 0.2955 0.88 0.29625 0.8716666666666667 0.2945 0.8486666666666667 0.2925 0.8023333333333333 0.29275 0.786 0.29075 0.7826666666666666 0.2795 0.7823333333333333 0.225 0.7886666666666666 0.22025 0.7906666666666666 0.21825 0.7943333333333333 0.21725 0.799
0 0.396 0.191 0.3965 0.22466666666666665 0.39575 0.24566666666666667 0.396 0.258 0.3975 0.267 0.40075 0.27 0.41175 0.26966666666666667 0.42025 0.26766666666666666 0.4605 0.26966666666666667 0.46375 0.2693333333333333 0.4655 0.2673333333333333 0.46725 0.256 0.4675 0.21333333333333335 0.46825 0.203 0.46825 0.18166666666666667 0.4665 0.178 0.4625 0.176 0.454 0.17433333333333334 0.404 0.174 0.4 0.175 0.3975 0.178 0.396 0.191
0 0.41 0.299 0.41 0.35933333333333334 0.4115 0.362 0.4175 0.36333333333333334 0.45675 0.363 0.469 0.364 0.47375 0.366 0.4775 0.36566666666666664 0.48025 0.3626666666666667 0.48175 0.35433333333333333 0.4815 0.335 0.48225 0.3263333333333333 0.48225 0.2793333333333333 0.48175 0.2753333333333333 0.48075 0.27366666666666667 0.47775 0.27166666666666667 0.46725 0.27066666666666667 0.44875 0.27166666666666667 0.43425 0.27 0.415 0.2703333333333333 0.412 0.27266666666666667 0.4105 0.27666666666666667 0.41 0.299
0 0.40175 0.405 0.40125 0.4503333333333333 0.4015 0.453 0.4045 0.458 0.41025 0.4593333333333333 0.44075 0.4593333333333333 0.45325 0.4583333333333333 0.45975 0.46 0.46725 0.46 0.4705 0.459 0.47225 0.457 0.4735 0.45266666666666666 0.474 0.44533333333333336 0.4735 0.4236666666666667 0.47425 0.37233333333333335 0.474 0.36966666666666664 0.47075 0.36566666666666664 0.45775 0.36466666666666664 0.41075 0.36433333333333334 0.4045 0.366 0.403 0.36966666666666664 0.4025 0.374 0.40175 0.405
0 0.68525 0.496 0.685 0.519 0.68575 0.531 0.685 0.563 0.68525 0.571 0.68625 0.5743333333333334 0.75275 0.577 0.755 0.577 0.75775 0.5743333333333334 0.75875 0.5666666666666667 0.75825 0.494 0.75725 0.48433333333333334 0.756 0.48233333333333334 0.752 0.481 0.689 0.47933333333333333 0.6865 0.48133333333333334 0.6855 0.48433333333333334 0.68525 0.496
0 0.29725 0.829 0.297 0.8626666666666667 0.29775 0.874 0.29925 0.877 0.36275 0.878 0.36975 0.8753333333333333 0.37125 0.8736666666666667 0.37225 0.87 0.37325 0.8163333333333334 0.37275 0.8103333333333333 0.374 0.7896666666666666 0.37375 0.7816666666666666 0.371 0.7783333333333333 0.36675 0.7773333333333333 0.3035 0.7763333333333333 0.3 0.7793333333333333 0.29875 0.7836666666666666 0.29775 0.7986666666666666 0.29725 0.829
0 0.5355 0.501 0.536 0.5276666666666666 0.53525 0.566 0.5365 0.5723333333333334 0.5425 0.5743333333333334 0.579 0.575 0.59675 0.5763333333333334 0.60275 0.576 0.60625 0.5743333333333334 0.6075 0.5693333333333334 0.608 0.562 0.6075 0.532 0.60825 0.52 0.60775 0.4876666666666667 0.60725 0.484 0.60575 0.482 0.60275 0.48033333333333333 0.59175 0.48 0.55475 0.479 0.53875 0.48 0.5365 0.482 0.536 0.484 0.5355 0.501
0 0.32225 0.188 0.3195 0.24533333333333332 0.31825 0.256 0.31875 0.2643333333333333 0.3205 0.268 0.32675 0.27 0.349 0.27166666666666667 0.38325 0.276 0.387 0.276 0.38875 0.274 0.39025 0.269 0.39125 0.26 0.392 0.22866666666666666 0.39425 0.19366666666666665 0.394 0.186 0.39175 0.18166666666666667 0.3845 0.17966666666666667 0.344 0.177 0.3315 0.17466666666666666 0.3275 0.17533333333333334 0.3245 0.17766666666666667 0.32225 0.188
0 0.17175 0.5133333333333333 0.1715 0.522 0.1725 0.533 0.17725 0.5643333333333334 0.17975 0.5873333333333334 0.182 0.5993333333333334 0.18425 0.603 0.18575 0.604 0.18975 0.604 0.2165 0.5973333333333334 0.24675 0.589 0.2525 0.5866666666666667 0.25475 0.5846666666666667 0.25525 0.578 0.25025 0.5403333333333333 0.24725 0.5246666666666666 0.24475 0.502 0.243 0.49466666666666664 0.24175 0.49333333333333335 0.2355 0.49266666666666664 0.2305 0.49366666666666664 0.182 0.5066666666666667 0.17525 0.509 0.17175 0.5133333333333333
0 0.5265 0.5883333333333334 0.527 0.6063333333333333 0.526 0.632 0.52725 0.6686666666666666 0.52825 0.6706666666666666 0.5415 0.673 0.561 0.6726666666666666 0.57325 0.674 0.59575 0.6743333333333333 0.59725 0.6726666666666666 0.599 0.6653333333333333 0.599 0.636 0.6 0.623 0.59875 0.584 0.598 0.5803333333333334 0.59625 0.5776666666666667 0.53275 0.5753333333333334 0.5285 0.578 0.52725 0.5813333333333334 0.5265 0.5883333333333334
0 0.6855 0.584 0.6855 0.668 0.6865 0.6696666666666666 0.689 0.6713333333333333 0.6945 0.6723333333333333 0.72375 0.674 0.74125 0.6733333333333333 0.748 0.675 0.75525 0.6743333333333333 0.7575 0.672 0.75875 0.6613333333333333 0.75825 0.5956666666666667 0.7575 0.585 0.7565 0.581 0.75525 0.5793333333333334 0.74725 0.5773333333333334 0.69075 0.576 0.6865 0.578 0.6855 0.584
0 0.52425 0.707 0.524 0.7626666666666667 0.52475 0.771 0.52575 0.7736666666666666 0.54375 0.7733333333333333 0.57875 0.775 0.59525 0.7746666666666666 0.59675 0.7726666666666666 0.598 0.7586666666666667 0.598 0.6953333333333334 0.5975 0.6806666666666666 0.59575 0.6756666666666666 0.593 0.6743333333333333 0.54375 0.6743333333333333 0.5285 0.673 0.526 0.6743333333333333 0.5255 0.676 0.52525 0.697 0.52425 0.707
0 0.4505 0.7826666666666666 0.4515 0.798 0.45025 0.817 0.45075 0.8323333333333334 0.44925 0.8486666666666667 0.44925 0.8743333333333333 0.4525 0.877 0.48125 0.8773333333333333 0.49475 0.8786666666666667 0.516 0.8786666666666667 0.521 0.8766666666666667 0.52275 0.873 0.523 0.8196666666666667 0.524 0.8023333333333333 0.52325 0.7793333333333333 0.5195 0.777 0.46575 0.7773333333333333 0.456 0.776 0.453 0.7776666666666666 0.4505 0.7826666666666666
0 0.5245 0.7913333333333333 0.525 0.822 0.52375 0.8523333333333334 0.524 0.8686666666666667 0.52525 0.874 0.529 0.8756666666666667 0.57675 0.8786666666666667 0.592 0.8786666666666667 0.59625 0.8766666666666667 0.598 0.8703333333333333 0.59875 0.8563333333333333 0.59925 0.808 0.59875 0.7846666666666666 0.59675 0.7786666666666666 0.5945 0.7773333333333333 0.5885 0.7766666666666666 0.566 0.7766666666666666 0.55825 0.7753333333333333 0.54075 0.7746666666666666 0.52925 0.7753333333333333 0.526 0.7766666666666666 0.525 0.779 0.5245 0.7913333333333333
0 0.4685 0.24733333333333332 0.468 0.2653333333333333 0.47 0.2693333333333333 0.47775 0.2703333333333333 0.4845 0.274 0.49775 0.277 0.52825 0.2803333333333333 0.53275 0.2803333333333333 0.53625 0.2786666666666667 0.5385 0.2733333333333333 0.5395 0.2673333333333333 0.54025 0.24766666666666667 0.54425 0.19733333333333333 0.54375 0.19066666666666668 0.54075 0.187 0.53525 0.185 0.50075 0.181 0.491 0.179 0.47725 0.179 0.47425 0.182 0.47325 0.18466666666666667 0.47175 0.21833333333333332 0.4685 0.24733333333333332
0 0.609 0.477 0.60875 0.5556666666666666 0.6105 0.5606666666666666 0.6185 0.5623333333333334 0.65075 0.5643333333333334 0.67175 0.565 0.679 0.5636666666666666 0.68025 0.5596666666666666 0.68075 0.554 0.6805 0.5246666666666666 0.68175 0.4796666666666667 0.6805 0.474 0.67875 0.471 0.672 0.4693333333333333 0.615 0.4663333333333333 0.612 0.4673333333333333 0.61025 0.4696666666666667 0.609 0.477
0 0.682 0.407 0.6825 0.444 0.6815 0.4706666666666667 0.68425 0.478 0.6855 0.479 0.703 0.47833333333333333 0.74925 0.4796666666666667 0.752 0.479 0.75375 0.47733333333333333 0.7545 0.461 0.75375 0.3973333333333333 0.75225 0.38966666666666666 0.74825 0.3873333333333333 0.7445 0.38666666666666666 0.68875 0.38466666666666666 0.685 0.386 0.68275 0.39 0.682 0.407
0 0.40575 0.09166666666666666 0.4045 0.14133333333333334 0.40475 0.16066666666666668 0.4055 0.16766666666666666 0.40775 0.17133333333333334 0.43675 0.172 0.4665 0.17433333333333334 0.47025 0.174 0.4735 0.17166666666666666 0.475 0.163 0.47475 0.139 0.47625 0.09533333333333334 0.47575 0.08633333333333333 0.47375 0.082 0.47075 0.08033333333333334 0.467 0.08 0.4115 0.07866666666666666 0.40775 0.081 0.40575 0.09166666666666666