0 0.62275 0.153 0.62325 0.20033333333333334 0.624 0.22066666666666668 0.625 0.223 0.6265 0.224 0.6685 0.22433333333333333 0.693 0.22566666666666665 0.698 0.229 0.70225 0.23566666666666666 0.703 0.236 0.704 0.23466666666666666 0.7065 0.228 0.70725 0.213 0.7035 0.158 0.70175 0.151 0.7005 0.14933333333333335 0.69625 0.14733333333333334 0.68625 0.14633333333333334 0.63175 0.14466666666666667 0.625 0.14733333333333334 0.62275 0.153
0 0.53325 0.307 0.533 0.32466666666666666 0.5345 0.36533333333333334 0.53425 0.3933333333333333 0.5365 0.398 0.54025 0.40066666666666667 0.545 0.40166666666666667 0.58175 0.402 0.612 0.401 0.617 0.4 0.6205 0.397 0.62225 0.3893333333333333 0.62275 0.376 0.621 0.3453333333333333 0.619 0.3283333333333333 0.61875 0.314 0.616 0.30366666666666664 0.61 0.301 0.59975 0.3 0.54825 0.30033333333333334 0.53675 0.302 0.53425 0.304 0.53325 0.307
0 0.623 0.4066666666666667 0.62275 0.44 0.6245 0.495 0.62525 0.5016666666666667 0.627 0.505 0.63025 0.507 0.64275 0.509 0.69125 0.511 0.71 0.5103333333333333 0.71375 0.5093333333333333 0.717 0.506 0.71925 0.49633333333333335 0.71925 0.478 0.715 0.43033333333333335 0.714 0.4106666666666667 0.7135 0.4076666666666667 0.711 0.404 0.701 0.4003333333333333 0.6645 0.39966666666666667 0.63825 0.398 0.6265 0.399 0.623 0.4066666666666667
0 0.707 0.305 0.707 0.314 0.70825 0.31866666666666665 0.71325 0.3556666666666667 0.7165 0.3863333333333333 0.71725 0.39066666666666666 0.719 0.394 0.72775 0.3953333333333333 0.7825 0.396 0.796 0.3943333333333333 0.80075 0.3903333333333333 0.80225 0.387 0.803 0.382 0.8025 0.36966666666666664 0.7935 0.31266666666666665 0.79175 0.304 0.7895 0.3 0.78325 0.2966666666666667 0.7745 0.2956666666666667 0.7155 0.29633333333333334 0.71325 0.2966666666666667 0.70875 0.2996666666666667 0.707 0.305
0 0.35225 0.417 0.3505 0.45766666666666667 0.3505 0.474 0.35225 0.4776666666666667 0.358 0.476 0.3835 0.476 0.39475 0.475 0.43525 0.4756666666666667 0.44 0.477 0.4425 0.4746666666666667 0.4435 0.391 0.4425 0.386 0.44125 0.38333333333333336 0.439 0.38133333333333336 0.4355 0.38 0.41175 0.37933333333333336 0.36725 0.37933333333333336 0.35925 0.38133333333333336 0.35575 0.38333333333333336 0.354 0.38966666666666666 0.35225 0.417
0 0.3455 0.5516666666666666 0.34525 0.5766666666666667 0.34575 0.5796666666666667 0.34725 0.5813333333333334 0.3545 0.5796666666666667 0.36575 0.579 0.42375 0.579 0.43225 0.5796666666666667 0.439 0.5826666666666667 0.441 0.578 0.44175 0.5643333333333334 0.44225 0.49366666666666664 0.441 0.4796666666666667 0.4355 0.4766666666666667 0.4155 0.476 0.38575 0.477 0.36325 0.47633333333333333 0.35225 0.479 0.35 0.484 0.3485 0.49166666666666664 0.347 0.5366666666666666 0.3455 0.5516666666666666
0 0.3375 0.6643333333333333 0.3375 0.6903333333333334 0.34 0.6996666666666667 0.342 0.7016666666666667 0.3465 0.702 0.3525 0.6953333333333334 0.361 0.6913333333333334 0.4315 0.694 0.436 0.6933333333333334 0.4375 0.6896666666666667 0.43825 0.6823333333333333 0.439 0.595 0.43775 0.585 0.43575 0.5826666666666667 0.429 0.5803333333333334 0.35775 0.5806666666666667 0.34525 0.5836666666666667 0.34175 0.59 0.341 0.5953333333333334 0.3375 0.6643333333333333
0 0.35825 0.31 0.35775 0.33866666666666667 0.35575 0.36533333333333334 0.35575 0.37666666666666665 0.35825 0.38 0.361 0.38033333333333336 0.37125 0.37833333333333335 0.3925 0.37766666666666665 0.433 0.37866666666666665 0.44275 0.382 0.444 0.37133333333333335 0.4445 0.3 0.444 0.297 0.4425 0.295 0.43225 0.29233333333333333 0.369 0.2926666666666667 0.36625 0.29333333333333333 0.3605 0.29733333333333334 0.359 0.3016666666666667 0.35825 0.31
0 0.227 0.159 0.22625 0.202 0.22825 0.213 0.23075 0.21633333333333332 0.2345 0.21766666666666667 0.24025 0.21766666666666667 0.294 0.21466666666666667 0.301 0.21366666666666667 0.3075 0.21133333333333335 0.31 0.20666666666666667 0.309 0.133 0.308 0.127 0.306 0.12466666666666666 0.3005 0.12266666666666666 0.29075 0.12266666666666666 0.246 0.12566666666666668 0.234 0.12733333333333333 0.23025 0.12933333333333333 0.22825 0.13333333333333333 0.227 0.159
0 0.6165 0.234 0.61625 0.24833333333333332 0.617 0.2663333333333333 0.6185 0.2806666666666667 0.619 0.30433333333333334 0.61975 0.31066666666666665 0.6215 0.31266666666666665 0.62325 0.31333333333333335 0.6315 0.30966666666666665 0.684 0.30966666666666665 0.703 0.31133333333333335 0.704 0.31033333333333335 0.705 0.305 0.705 0.29733333333333334 0.7 0.23833333333333334 0.69725 0.23 0.696 0.22833333333333333 0.692 0.22633333333333333 0.679 0.22566666666666665 0.62275 0.22533333333333333 0.61825 0.22766666666666666 0.61675 0.231 0.6165 0.234
0 0.367 0.258 0.3665 0.29 0.368 0.29133333333333333 0.43075 0.29133333333333333 0.446 0.2946666666666667 0.45075 0.29033333333333333 0.452 0.2806666666666667 0.452 0.21866666666666668 0.451 0.21366666666666667 0.4495 0.21166666666666667 0.44625 0.21 0.441 0.20933333333333334 0.38075 0.20966666666666667 0.37275 0.21133333333333335 0.37025 0.21366666666666667 0.36925 0.21633333333333332 0.367 0.258
0 0.445 0.3393333333333333 0.44475 0.38366666666666666 0.44725 0.3903333333333333 0.44975 0.39266666666666666 0.45975 0.39466666666666667 0.5115 0.3953333333333333 0.5295 0.393 0.532 0.391 0.53325 0.3883333333333333 0.534 0.384 0.53375 0.3596666666666667 0.5325 0.3433333333333333 0.532 0.305 0.53025 0.297 0.52625 0.29333333333333333 0.51525 0.292 0.46875 0.2916666666666667 0.45325 0.2926666666666667 0.44925 0.2946666666666667 0.44675 0.297 0.44575 0.2996666666666667 0.445 0.3393333333333333
0 0.3405 0.798 0.34025 0.8093333333333333 0.34125 0.821 0.34375 0.825 0.346 0.8263333333333334 0.3615 0.828 0.42475 0.8303333333333334 0.4375 0.83 0.4425 0.828 0.44475 0.8243333333333334 0.44625 0.8166666666666667 0.448 0.7583333333333333 0.45025 0.7203333333333334 0.45025 0.7046666666666667 0.44875 0.6993333333333334 0.446 0.697 0.43625 0.6946666666666667 0.3835 0.6936666666666667 0.366 0.6923333333333334 0.35875 0.6923333333333334 0.35175 0.6966666666666667 0.348 0.7046666666666667 0.3405 0.798
0 0.62175 0.31766666666666665 0.62175 0.3353333333333333 0.62425 0.35833333333333334 0.62575 0.39066666666666666 0.628 0.3973333333333333 0.689 0.3983333333333333 0.702 0.3993333333333333 0.71 0.4023333333333333 0.71375 0.4026666666666667 0.716 0.3953333333333333 0.715 0.37733333333333335 0.70725 0.32066666666666666 0.7045 0.31366666666666665 0.6995 0.31166666666666665 0.68475 0.31066666666666665 0.649 0.31166666666666665 0.6335 0.311 0.6265 0.31266666666666665 0.62175 0.31766666666666665