0 0.3945 0.678 0.394 0.7126666666666667 0.3925 0.7346666666666667 0.39375 0.7443333333333333 0.39475 0.746 0.4005 0.748 0.45325 0.7483333333333333 0.45625 0.7476666666666667 0.459 0.7446666666666667 0.46125 0.6713333333333333 0.4605 0.662 0.45825 0.658 0.4455 0.657 0.3975 0.6576666666666666 0.3955 0.661
0 0.71975 0.6566666666666666 0.719 0.6583333333333333 0.7205 0.6673333333333333 0.721 0.6813333333333333 0.72025 0.6926666666666667 0.72075 0.741 0.724 0.7433333333333333 0.7665 0.7443333333333333 0.77825 0.7443333333333333 0.78275 0.7416666666666667 0.7845 0.7336666666666667 0.78375 0.725 0.7835 0.6656666666666666 0.782 0.661 0.779 0.6573333333333333 0.77275 0.6563333333333333 0.724 0.655
0 0.336 0.5053333333333333 0.3345 0.548 0.335 0.5516666666666666 0.3365 0.554 0.3385 0.555 0.36675 0.556 0.37275 0.5573333333333333 0.392 0.5586666666666666 0.3975 0.5586666666666666 0.39925 0.557 0.401 0.5506666666666666 0.4025 0.5226666666666666 0.404 0.478 0.40275 0.4736666666666667 0.40125 0.4726666666666667 0.37675 0.4713333333333333 0.36875 0.47 0.34625 0.469 0.34225 0.4703333333333333 0.34025 0.47333333333333333 0.33775 0.482
0 0.06125 0.43266666666666664 0.0605 0.4573333333333333 0.06125 0.4603333333333333 0.06425 0.46366666666666667 0.07125 0.465 0.1225 0.4686666666666667 0.129 0.4686666666666667 0.13125 0.4676666666666667 0.13225 0.4656666666666667 0.132 0.417 0.134 0.38366666666666666 0.13025 0.38033333333333336 0.12675 0.37966666666666665 0.07525 0.376 0.07075 0.376 0.0675 0.37733333333333335 0.066 0.37933333333333336 0.0645 0.385
0 0.12525 0.517 0.12525 0.5496666666666666 0.12675 0.556 0.129 0.5586666666666666 0.18925 0.559 0.194 0.5573333333333333 0.19675 0.554 0.19825 0.5446666666666666 0.1985 0.482 0.1975 0.474 0.19625 0.472 0.19325 0.4703333333333333 0.188 0.4693333333333333 0.141 0.4693333333333333 0.13325 0.4696666666666667 0.13 0.4713333333333333 0.1275 0.474 0.12625 0.4776666666666667
0 0.3305 0.5786666666666667 0.32825 0.6226666666666667 0.32825 0.637 0.32875 0.6403333333333333 0.33125 0.644 0.33425 0.645 0.38275 0.647 0.3895 0.647 0.394 0.645 0.39575 0.632 0.398 0.5813333333333334 0.39825 0.5633333333333334 0.3975 0.561 0.39425 0.5596666666666666 0.38725 0.559 0.335 0.5556666666666666 0.33325 0.5573333333333333 0.332 0.5603333333333333
0 0.1285 0.32 0.12825 0.37033333333333335 0.13025 0.37766666666666665 0.13575 0.38033333333333336 0.145 0.37966666666666665 0.19675 0.38066666666666665 0.19925 0.37866666666666665 0.2005 0.3566666666666667 0.20075 0.304 0.19975 0.29933333333333334 0.1975 0.296 0.1895 0.2926666666666667 0.15525 0.292 0.137 0.29233333333333333 0.1335 0.29333333333333333 0.1295 0.2966666666666667
0 0.8575 0.7476666666666667 0.85775 0.7656666666666667 0.8565 0.8146666666666667 0.854 0.824 0.8545 0.828 0.85925 0.8323333333333334 0.8655 0.8336666666666667 0.90375 0.8383333333333334 0.9115 0.8386666666666667 0.916 0.837 0.9185 0.8323333333333334 0.9195 0.824 0.922 0.775 0.922 0.7586666666666667 0.92075 0.755 0.91675 0.7513333333333333 0.9115 0.7496666666666667 0.87425 0.745 0.862 0.7443333333333333 0.85875 0.7453333333333333
0 0.328 0.6596666666666666 0.3265 0.7276666666666667 0.327 0.731 0.329 0.7343333333333333 0.3345 0.736 0.38375 0.7363333333333333 0.39 0.7353333333333333 0.39175 0.734 0.393 0.728 0.3935 0.6853333333333333 0.39525 0.6616666666666666 0.39475 0.6513333333333333 0.3935 0.649 0.3905 0.6476666666666666 0.3585 0.6476666666666666 0.3345 0.6463333333333333 0.33125 0.6476666666666666 0.32925 0.6506666666666666
0 0.461 0.658 0.46075 0.738 0.462 0.7423333333333333 0.46525 0.7436666666666667 0.47475 0.744 0.51625 0.744 0.52275 0.743 0.525 0.741 0.526 0.7326666666666667 0.526 0.667 0.52575 0.6583333333333333 0.524 0.6543333333333333 0.466 0.6536666666666666 0.46325 0.6546666666666666
0 0.7815 0.6513333333333333 0.7815 0.658 0.78425 0.664 0.78475 0.668 0.78475 0.7306666666666667 0.78625 0.734 0.791 0.7353333333333333 0.8095 0.7353333333333333 0.8335 0.7373333333333333 0.84225 0.737 0.84525 0.7346666666666667 0.8465 0.731 0.84725 0.7213333333333334 0.848 0.6856666666666666 0.84775 0.6583333333333333 0.84675 0.6543333333333333 0.84525 0.652 0.83175 0.65 0.79525 0.6476666666666666 0.7855 0.6476666666666666 0.78275 0.649
0 0.1185 0.584 0.118 0.64 0.11875 0.6446666666666667 0.1205 0.6476666666666666 0.125 0.6493333333333333 0.17475 0.6486666666666666 0.18575 0.6473333333333333 0.1895 0.644 0.19075 0.637 0.19175 0.6073333333333333 0.1915 0.5646666666666667 0.1895 0.5606666666666666 0.17925 0.559 0.13475 0.5603333333333333 0.1265 0.5593333333333333 0.12275 0.5603333333333333 0.12025 0.5626666666666666 0.1195 0.565
0 0.27 0.401 0.26975 0.474 0.27075 0.47733333333333333 0.27575 0.4786666666666667 0.32575 0.4796666666666667 0.33225 0.47933333333333333 0.33625 0.47733333333333333 0.33725 0.467 0.3355 0.4603333333333333 0.33525 0.45166666666666666 0.3375 0.4003333333333333 0.33725 0.3973333333333333 0.33575 0.394 0.3275 0.392 0.2775 0.391 0.2725 0.392 0.27075 0.39566666666666667
0 0.12075 0.229 0.12 0.278 0.1205 0.2853333333333333 0.12275 0.29033333333333333 0.13 0.2936666666666667 0.137 0.29133333333333333 0.16125 0.291 0.189 0.29233333333333333 0.1915 0.29033333333333333 0.19275 0.278 0.1935 0.21933333333333332 0.19225 0.21366666666666667 0.189 0.20866666666666667 0.18525 0.20666666666666667 0.178 0.20566666666666666 0.1435 0.204 0.13125 0.204 0.126 0.205 0.12375 0.20633333333333334 0.122 0.21 0.121 0.21666666666666667
0 0.13325 0.4063333333333333 0.13275 0.45866666666666667 0.135 0.467 0.13675 0.468 0.143 0.4683333333333333 0.17675 0.468 0.18875 0.469 0.1965 0.469 0.199 0.467 0.20075 0.45966666666666667 0.20025 0.443 0.2015 0.4266666666666667 0.20175 0.4033333333333333 0.20375 0.394 0.204 0.388 0.202 0.38333333333333336 0.1995 0.38166666666666665 0.1965 0.38133333333333336 0.1405 0.38133333333333336 0.13725 0.38233333333333336 0.13525 0.38366666666666666
0 0.526 0.648 0.526 0.6596666666666666 0.527 0.6706666666666666 0.52675 0.7243333333333334 0.527 0.7273333333333334 0.52825 0.7296666666666667 0.53675 0.7316666666666667 0.57925 0.732 0.58575 0.7316666666666667 0.589 0.73 0.5905 0.727 0.591 0.7213333333333334 0.59075 0.678 0.5915 0.6536666666666666 0.5905 0.648 0.5885 0.644 0.5735 0.6423333333333333 0.533 0.642 0.52775 0.6436666666666667
0 0.7875 0.7723333333333333 0.78725 0.8096666666666666 0.78925 0.8176666666666667 0.79275 0.821 0.79975 0.8233333333333334 0.82275 0.8253333333333334 0.8505 0.826 0.854 0.8243333333333334 0.855 0.821 0.857 0.797 0.85775 0.7546666666666667 0.85675 0.7453333333333333 0.85325 0.74 0.84475 0.738 0.83125 0.738 0.81125 0.7363333333333333 0.793 0.7366666666666667 0.7895 0.741 0.7885 0.748
0 0.59025 0.636 0.59 0.6443333333333333 0.59125 0.647 0.59175 0.654 0.59175 0.717 0.5945 0.7193333333333334 0.6025 0.7203333333333334 0.64925 0.7213333333333334 0.65275 0.72 0.655 0.714 0.65575 0.7016666666666667 0.65625 0.6506666666666666 0.6555 0.64 0.6545 0.6363333333333333 0.64975 0.6333333333333333 0.60925 0.632 0.59425 0.6323333333333333 0.5915 0.6333333333333333
0 0.33675 0.44666666666666666 0.33675 0.46166666666666667 0.338 0.4656666666666667 0.34075 0.4683333333333333 0.35375 0.468 0.401 0.4713333333333333 0.40275 0.4673333333333333 0.4035 0.45366666666666666 0.40475 0.4086666666666667 0.40475 0.39066666666666666 0.40375 0.387 0.40125 0.38533333333333336 0.38675 0.38333333333333336 0.35275 0.381 0.345 0.381 0.34075 0.38266666666666665 0.33925 0.3863333333333333 0.33875 0.3903333333333333
0 0.65675 0.6593333333333333 0.6565 0.7096666666666667 0.65325 0.7286666666666667 0.65425 0.737 0.65625 0.74 0.65875 0.7416666666666667 0.66325 0.7426666666666667 0.705 0.7436666666666667 0.71425 0.7433333333333333 0.71775 0.7423333333333333 0.719 0.741 0.72025 0.7263333333333334 0.72025 0.668 0.71825 0.658 0.71725 0.6566666666666666 0.704 0.6546666666666666 0.66775 0.654 0.659 0.655 0.65775 0.656
0 0.40575 0.387 0.40625 0.4603333333333333 0.40675 0.4666666666666667 0.40825 0.4703333333333333 0.4105 0.4713333333333333 0.4375 0.471 0.46625 0.4693333333333333 0.47025 0.4683333333333333 0.472 0.4666666666666667 0.4725 0.4573333333333333 0.47125 0.43633333333333335 0.47025 0.39 0.4685 0.38333333333333336 0.46175 0.38233333333333336 0.41775 0.38366666666666666 0.40825 0.385
0 0.2015 0.4053333333333333 0.20075 0.467 0.203 0.474 0.21425 0.47533333333333333 0.2655 0.47633333333333333 0.26825 0.475 0.2695 0.4643333333333333 0.2695 0.43166666666666664 0.27025 0.42333333333333334 0.26975 0.40166666666666667 0.27125 0.3943333333333333 0.27025 0.3903333333333333 0.266 0.3883333333333333 0.25875 0.38766666666666666 0.2095 0.387 0.206 0.38866666666666666 0.20275 0.394