0 0.7405 0.4543333333333333 0.73975 0.4563333333333333 0.73975 0.464 0.74275 0.4726666666666667 0.744 0.49433333333333335 0.74525 0.49933333333333335 0.74675 0.5013333333333333 0.7745 0.5016666666666667 0.77625 0.5013333333333333 0.7785 0.499 0.77925 0.49366666666666664 0.77725 0.4676666666666667 0.7775 0.459 0.77575 0.454 0.772 0.4523333333333333 0.74375 0.45266666666666666 0.7405 0.4543333333333333
0 0.48425 0.511 0.4845 0.5443333333333333 0.485 0.5536666666666666 0.486 0.5576666666666666 0.4875 0.5586666666666666 0.51875 0.558 0.5225 0.5563333333333333 0.52325 0.553 0.52275 0.5143333333333333 0.52125 0.508 0.519 0.5063333333333333 0.48975 0.5076666666666667 0.48575 0.5086666666666667 0.48425 0.511
0 0.52325 0.511 0.5235 0.5473333333333333 0.52425 0.5546666666666666 0.5255 0.5576666666666666 0.5605 0.5586666666666666 0.56175 0.5573333333333333 0.562 0.5403333333333333 0.561 0.5293333333333333 0.56075 0.512 0.5585 0.5083333333333333 0.52575 0.508 0.52325 0.511
0 0.59325 0.4196666666666667 0.59325 0.4503333333333333 0.59375 0.4553333333333333 0.59475 0.45766666666666667 0.61975 0.459 0.6305 0.45766666666666667 0.631 0.44033333333333335 0.63025 0.4136666666666667 0.6295 0.41233333333333333 0.62475 0.4106666666666667 0.595 0.4103333333333333 0.59375 0.41233333333333333 0.59325 0.4196666666666667
0 0.3655 0.5176666666666667 0.36575 0.5573333333333333 0.36625 0.5603333333333333 0.3675 0.562 0.37225 0.5633333333333334 0.38 0.5633333333333334 0.4005 0.5623333333333334 0.4055 0.5606666666666666 0.406 0.5493333333333333 0.405 0.5116666666666667 0.403 0.5106666666666667 0.39675 0.5106666666666667 0.36975 0.5123333333333333 0.3665 0.514 0.3655 0.5176666666666667
0 0.5275 0.6146666666666667 0.5275 0.654 0.528 0.6613333333333333 0.5295 0.6636666666666666 0.537 0.6646666666666666 0.55675 0.6643333333333333 0.56475 0.6636666666666666 0.567 0.662 0.56725 0.653 0.56625 0.641 0.56675 0.6283333333333333 0.566 0.6163333333333333 0.564 0.612 0.5365 0.612 0.5295 0.6126666666666667 0.5275 0.6146666666666667
0 0.40625 0.511 0.4055 0.512 0.4065 0.537 0.40625 0.5606666666666666 0.40875 0.562 0.4295 0.5613333333333334 0.4415 0.5603333333333333 0.445 0.5586666666666666 0.44575 0.555 0.44575 0.542 0.445 0.512 0.44425 0.5103333333333333 0.442 0.509 0.40775 0.51 0.40625 0.511
0 0.5185 0.464 0.51825 0.5 0.51975 0.505 0.52225 0.5063333333333333 0.5525 0.5066666666666667 0.5555 0.5053333333333333 0.5565 0.49133333333333334 0.5565 0.4593333333333333 0.554 0.45766666666666667 0.522 0.457 0.519 0.4593333333333333 0.5185 0.464
0 0.63225 0.46 0.63275 0.503 0.63375 0.506 0.63975 0.5076666666666667 0.66325 0.508 0.6675 0.507 0.66925 0.5053333333333333 0.66975 0.49833333333333335 0.6685 0.481 0.669 0.46166666666666667 0.668 0.459 0.6655 0.458 0.65375 0.45766666666666667 0.636 0.45866666666666667 0.63225 0.46
0 0.59375 0.366 0.59375 0.405 0.594 0.4076666666666667 0.59525 0.4093333333333333 0.618 0.4103333333333333 0.628 0.4103333333333333 0.63025 0.4093333333333333 0.631 0.38566666666666666 0.63025 0.369 0.6285 0.365 0.6195 0.36233333333333334 0.5985 0.362 0.59525 0.363 0.59375 0.366
0 0.44575 0.5126666666666667 0.44625 0.5506666666666666 0.44675 0.5576666666666666 0.448 0.56 0.472 0.5606666666666666 0.48125 0.56 0.48425 0.5583333333333333 0.48425 0.5206666666666667 0.48325 0.5123333333333333 0.482 0.51 0.44825 0.51 0.44675 0.5106666666666667 0.44575 0.5126666666666667
0 0.6695 0.465 0.66975 0.4706666666666667 0.669 0.475 0.67 0.49833333333333335 0.672 0.5043333333333333 0.67475 0.5056666666666667 0.697 0.506 0.703 0.5056666666666667 0.705 0.504 0.706 0.499 0.70475 0.48133333333333334 0.70575 0.4633333333333333 0.70375 0.45866666666666667 0.69725 0.4563333333333333 0.68925 0.45566666666666666 0.67175 0.4573333333333333 0.67 0.45966666666666667 0.6695 0.465
0 0.59475 0.46 0.59425 0.49666666666666665 0.5945 0.5053333333333333 0.5955 0.5066666666666667 0.621 0.5076666666666667 0.63025 0.5066666666666667 0.63175 0.505 0.632 0.4713333333333333 0.6305 0.46 0.60675 0.459 0.598 0.459 0.59475 0.46
0 0.51825 0.419 0.518 0.442 0.51825 0.45366666666666666 0.519 0.4553333333333333 0.52925 0.457 0.538 0.4563333333333333 0.54825 0.4573333333333333 0.55375 0.457 0.55525 0.45566666666666666 0.556 0.4523333333333333 0.555 0.43666666666666665 0.555 0.41133333333333333 0.53675 0.409 0.52075 0.409 0.5185 0.411 0.51825 0.419
0 0.776 0.4493333333333333 0.77575 0.4533333333333333 0.778 0.4646666666666667 0.779 0.48933333333333334 0.78025 0.49466666666666664 0.7825 0.496 0.7935 0.496 0.809 0.49533333333333335 0.812 0.49466666666666664 0.813 0.49333333333333335 0.81425 0.48933333333333334 0.81425 0.477 0.81225 0.4563333333333333 0.81025 0.449 0.80475 0.447 0.78275 0.447 0.776 0.4493333333333333
0 0.70575 0.4666666666666667 0.7055 0.4856666666666667 0.707 0.49666666666666665 0.706 0.5083333333333333 0.70725 0.512 0.71 0.5133333333333333 0.72175 0.514 0.73925 0.514 0.74125 0.5136666666666667 0.743 0.512 0.7435 0.49633333333333335 0.74225 0.475 0.74175 0.4706666666666667 0.7395 0.4663333333333333 0.73675 0.465 0.7165 0.465 0.709 0.464 0.7065 0.465 0.70575 0.4666666666666667
0 0.5925 0.512 0.593 0.5523333333333333 0.59475 0.5573333333333333 0.602 0.5586666666666666 0.63 0.5583333333333333 0.631 0.5573333333333333 0.63175 0.551 0.6315 0.5146666666666667 0.63 0.5093333333333333 0.59525 0.5076666666666667 0.5925 0.512
0 0.55725 0.4593333333333333 0.557 0.475 0.55775 0.488 0.557 0.492 0.557 0.5016666666666667 0.5585 0.5056666666666667 0.5665 0.5073333333333333 0.59 0.5073333333333333 0.593 0.506 0.59375 0.5023333333333333 0.5935 0.45966666666666667 0.5885 0.45766666666666667 0.56 0.458 0.55725 0.4593333333333333
0 0.52575 0.561 0.527 0.5883333333333334 0.52675 0.606 0.52725 0.6096666666666667 0.52875 0.612 0.54775 0.6106666666666667 0.56425 0.611 0.56575 0.6093333333333333 0.566 0.5723333333333334 0.5655 0.5636666666666666 0.56425 0.5613333333333334 0.56 0.5593333333333333 0.55525 0.559 0.53275 0.5593333333333333 0.527 0.56 0.52575 0.561