0 0.681 0.3245 0.6803333333333333 0.335 0.683 0.337 0.738 0.344 0.7453333333333333 0.34325 0.7483333333333333 0.33975 0.75 0.335 0.755 0.30925 0.7566666666666667 0.297 0.756 0.293 0.7446666666666667 0.29025 0.7326666666666667 0.28975 0.704 0.28625 0.6923333333333334 0.286 0.69 0.28675 0.688 0.289 0.6866666666666666 0.29275 0.681 0.3245
0 0.39366666666666666 0.77675 0.393 0.78975 0.394 0.7935 0.3953333333333333 0.794 0.41833333333333333 0.79425 0.421 0.795 0.43033333333333335 0.79525 0.43566666666666665 0.79675 0.44133333333333336 0.79575 0.4633333333333333 0.7965 0.4656666666666667 0.79325 0.4666666666666667 0.78625 0.4703333333333333 0.744 0.467 0.74225 0.4646666666666667 0.742 0.44566666666666666 0.74175 0.4216666666666667 0.73925 0.401 0.739 0.3983333333333333 0.74125 0.3973333333333333 0.744 0.39366666666666666 0.77675
0 0.3863333333333333 0.875 0.384 0.89875 0.38433333333333336 0.9035 0.3863333333333333 0.906 0.4216666666666667 0.909 0.444 0.90975 0.4533333333333333 0.9095 0.45666666666666667 0.90775 0.4583333333333333 0.9 0.46166666666666667 0.86525 0.462 0.8555 0.46 0.853 0.44766666666666666 0.853 0.4186666666666667 0.85025 0.39066666666666666 0.8505 0.389 0.8545 0.3863333333333333 0.875
0 0.41133333333333333 0.56075 0.41133333333333333 0.572 0.41333333333333333 0.571 0.41133333333333333 0.5686785 0.41133333333333333 0.56075
0 0.6426666666666667 0.48025 0.643 0.487 0.6473333333333333 0.48925 0.6713333333333333 0.49125 0.699 0.49525 0.7083333333333334 0.49475 0.7116666666666667 0.492 0.7133333333333334 0.486 0.7193333333333334 0.45375 0.7186666666666667 0.44475 0.717 0.44325 0.71 0.442 0.6753333333333333 0.439 0.6636666666666666 0.43725 0.6543333333333333 0.437 0.6523333333333333 0.43775 0.65 0.44075 0.6426666666666667 0.48025
0 0.4023333333333333 0.71425 0.40066666666666667 0.73525 0.40166666666666667 0.7375 0.4033333333333333 0.7385 0.41733333333333333 0.73925 0.4216666666666667 0.73875 0.44233333333333336 0.74075 0.4603333333333333 0.74 0.4703333333333333 0.7415 0.4736666666666667 0.73725 0.476 0.7065 0.47733333333333333 0.7 0.47733333333333333 0.6885 0.4756666666666667 0.6875 0.4713333333333333 0.687 0.44533333333333336 0.68725 0.44166666666666665 0.68625 0.4226666666666667 0.68425 0.408 0.68475 0.4046666666666667 0.696 0.4023333333333333 0.71425
0 0.36733333333333335 0.34375 0.366 0.35975 0.36833333333333335 0.36275 0.4026666666666667 0.36425 0.41 0.3655 0.43233333333333335 0.36725 0.43566666666666665 0.3645 0.437 0.35775 0.44033333333333335 0.32525 0.44033333333333335 0.32 0.43933333333333335 0.3175 0.436 0.31575 0.424 0.316 0.41333333333333333 0.31425 0.4066666666666667 0.3145 0.398 0.31275 0.37333333333333335 0.31275 0.37066666666666664 0.31475 0.36733333333333335 0.34375
0 0.35233333333333333 0.501 0.352 0.51925 0.35333333333333333 0.52025 0.3863333333333333 0.522 0.3933333333333333 0.523 0.4076666666666667 0.52325 0.411 0.52425 0.41333333333333333 0.52375 0.42133333333333334 0.52 0.4226666666666667 0.516 0.426 0.47375 0.422 0.47175 0.406 0.4695 0.3973333333333333 0.46925 0.39266666666666666 0.47 0.35933333333333334 0.46825 0.35633333333333334 0.47 0.355 0.47375 0.35433333333333333 0.4885 0.35233333333333333 0.501
0 0.19866666666666666 0.2885 0.19866666666666666 0.295 0.20266666666666666 0.29825 0.25633333333333336 0.305 0.2653333333333333 0.30525 0.268 0.3045 0.27066666666666667 0.30025 0.276 0.2735 0.2783333333333333 0.25975 0.2776666666666667 0.25425 0.2753333333333333 0.25275 0.2693333333333333 0.2515 0.25033333333333335 0.25 0.231 0.24725 0.21 0.24575 0.20766666666666667 0.2485 0.20633333333333334 0.25325 0.19866666666666666 0.2885
0 0.4805 0.529375 0.0003333333333333333 0.00025
0 0.35833333333333334 0.457 0.35833333333333334 0.465 0.35933333333333334 0.4665 0.3616666666666667 0.46725 0.37633333333333335 0.468 0.3893333333333333 0.46975 0.398 0.469 0.409 0.4695 0.425 0.47175 0.427 0.46975 0.42866666666666664 0.4645 0.43266666666666664 0.429 0.43233333333333335 0.4215 0.429 0.41975 0.41733333333333333 0.41975 0.395 0.41675 0.36966666666666664 0.41625 0.36533333333333334 0.417 0.36333333333333334 0.4185 0.362 0.4215 0.35833333333333334 0.457
0 0.3406666666666667 0.52825 0.34 0.571 0.3416666666666667 0.573 0.34833333333333333 0.5745 0.39566666666666667 0.5765 0.404 0.57625 0.4086666666666667 0.5745 0.4096666666666667 0.571 0.4116666666666667 0.537 0.4116666666666667 0.52725 0.4093333333333333 0.5245 0.394 0.52375 0.38433333333333336 0.52225 0.38 0.52275 0.371 0.52175 0.35833333333333334 0.52175 0.35233333333333333 0.52075 0.345 0.52225 0.3416666666666667 0.52525 0.3406666666666667 0.52825
0 0.3626666666666667 0.3745 0.359 0.407 0.359 0.41175 0.361 0.41475 0.36233333333333334 0.4155 0.395 0.416 0.4146666666666667 0.419 0.42533333333333334 0.41925 0.42866666666666664 0.418 0.43266666666666664 0.39025 0.43433333333333335 0.37075 0.433 0.36825 0.402 0.365 0.38966666666666666 0.365 0.381 0.36375 0.36633333333333334 0.364 0.36433333333333334 0.366 0.3626666666666667 0.3745
0 0.26566666666666666 0.52275 0.2653333333333333 0.54225 0.26666666666666666 0.56825 0.2673333333333333 0.571 0.269 0.5725 0.27166666666666667 0.57325 0.2806666666666667 0.57325 0.32466666666666666 0.57225 0.33166666666666667 0.57175 0.33666666666666667 0.57 0.338 0.56375 0.3383333333333333 0.54525 0.3373333333333333 0.522 0.335 0.5195 0.3273333333333333 0.51825 0.2733333333333333 0.51925 0.2683333333333333 0.52 0.26566666666666666 0.52275
0 0.4076666666666667 0.657 0.4063333333333333 0.675 0.4063333333333333 0.67975 0.4076666666666667 0.6835 0.45166666666666666 0.686 0.4746666666666667 0.68625 0.47733333333333333 0.6845 0.47933333333333333 0.67275 0.48233333333333334 0.6425 0.48133333333333334 0.6335 0.4776666666666667 0.63225 0.4673333333333333 0.6335 0.453 0.632 0.441 0.632 0.42866666666666664 0.6305 0.421 0.63025 0.4136666666666667 0.631 0.4103333333333333 0.63325 0.4076666666666667 0.657
0 0.4066666666666667 0.60925 0.4056666666666667 0.627 0.408 0.62925 0.41133333333333333 0.6305 0.4196666666666667 0.6295 0.43733333333333335 0.63 0.45866666666666667 0.632 0.47433333333333333 0.63175 0.476 0.63 0.47733333333333333 0.62425 0.481 0.58875 0.481 0.58475 0.4796666666666667 0.58125 0.47733333333333333 0.57975 0.473 0.579 0.4493333333333333 0.578 0.44166666666666665 0.577 0.4216666666666667 0.5765 0.41833333333333333 0.57725 0.41133333333333333 0.57725 0.4066666666666667 0.60925
0 0.38966666666666666 0.826 0.38866666666666666 0.84625 0.3903333333333333 0.85 0.42866666666666664 0.85025 0.44666666666666666 0.85275 0.4533333333333333 0.85275 0.45966666666666667 0.8515 0.4613333333333333 0.849 0.4633333333333333 0.8385 0.4653333333333333 0.79975 0.46366666666666667 0.798 0.4583333333333333 0.797 0.445 0.79725 0.439 0.796 0.42766666666666664 0.79625 0.422 0.795 0.396 0.7955 0.39366666666666666 0.79675 0.38966666666666666 0.826
0 0.36766666666666664 0.30025 0.36733333333333335 0.308 0.36966666666666664 0.31175 0.3883333333333333 0.312 0.3943333333333333 0.31125 0.3973333333333333 0.31225 0.408 0.313 0.415 0.31475 0.43066666666666664 0.3155 0.43533333333333335 0.3145 0.437 0.311 0.44133333333333336 0.28125 0.442 0.27075 0.44033333333333335 0.266 0.428 0.26375 0.4116666666666667 0.2625 0.4036666666666667 0.26325 0.3973333333333333 0.26175 0.38 0.26125 0.37666666666666665 0.2605 0.373 0.264 0.372 0.2665 0.36766666666666664 0.30025
0 0.41133333333333333 0.56075 0.411 0.5715 0.41433333333333333 0.57475 0.44366666666666665 0.5765 0.449 0.5775 0.47833333333333333 0.578 0.4806666666666667 0.5745 0.482 0.56175 0.484 0.53575 0.483 0.5285 0.4796666666666667 0.5265 0.4523333333333333 0.5245 0.42733333333333334 0.5235 0.42133333333333334 0.524 0.4186666666666667 0.525 0.4146666666666667 0.52925 0.4126666666666667 0.55525 0.41133333333333333 0.56075
0 0.37666666666666665 0.246 0.37566666666666665 0.25775 0.37633333333333335 0.25925 0.37833333333333335 0.26025 0.4076666666666667 0.26225 0.41533333333333333 0.26175 0.42533333333333334 0.26375 0.435 0.2645 0.44266666666666665 0.2665 0.445 0.26325 0.44633333333333336 0.25825 0.45066666666666666 0.221 0.44966666666666666 0.21525 0.44333333333333336 0.21325 0.408 0.21125 0.39466666666666667 0.20925 0.38366666666666666 0.21 0.381 0.2135 0.37666666666666665 0.246