0 0.50725 0.282 0.508 0.317 0.5075 0.33866666666666667 0.5085 0.343 0.5115 0.344 0.53425 0.344 0.5405 0.3456666666666667 0.54375 0.3476666666666667 0.54825 0.34833333333333333 0.5555 0.348 0.55925 0.3453333333333333 0.56025 0.3406666666666667 0.56 0.314 0.559 0.285 0.55825 0.2803333333333333 0.55725 0.2786666666666667 0.554 0.277 0.5145 0.278 0.51025 0.279 0.50725 0.282
0 0.49825 0.4226666666666667 0.49925 0.48 0.501 0.48433333333333334 0.506 0.4856666666666667 0.5295 0.4836666666666667 0.55075 0.48333333333333334 0.55275 0.481 0.5515 0.4246666666666667 0.55025 0.41833333333333333 0.549 0.4166666666666667 0.544 0.41433333333333333 0.53325 0.4156666666666667 0.522 0.41533333333333333 0.5035 0.4166666666666667 0.49925 0.418 0.49825 0.4226666666666667
0 0.14975 0.33366666666666667 0.1495 0.3453333333333333 0.1455 0.38133333333333336 0.14575 0.38966666666666666 0.14775 0.3933333333333333 0.15425 0.3963333333333333 0.16025 0.3973333333333333 0.18225 0.39866666666666667 0.196 0.40066666666666667 0.19975 0.4003333333333333 0.20275 0.39766666666666667 0.20525 0.38433333333333336 0.20775 0.35133333333333333 0.2075 0.335 0.205 0.33066666666666666 0.203 0.329 0.196 0.3273333333333333 0.15575 0.32466666666666666 0.153 0.32566666666666666 0.151 0.328 0.14975 0.33366666666666667
0 0.1565 0.17133333333333334 0.1565 0.18133333333333335 0.157 0.18366666666666667 0.15825 0.185 0.174 0.18766666666666668 0.18875 0.18833333333333332 0.2 0.19366666666666665 0.2055 0.195 0.211 0.194 0.2135 0.189 0.21575 0.159 0.21575 0.13633333333333333 0.214 0.12633333333333333 0.21025 0.124 0.1765 0.12033333333333333 0.1695 0.12033333333333333 0.16425 0.12166666666666667 0.162 0.12666666666666668 0.16025 0.145 0.1565 0.17133333333333334
0 0.86 0.6276666666666667 0.8555 0.6466666666666666 0.85575 0.6506666666666666 0.857 0.6526666666666666 0.8715 0.6613333333333333 0.88425 0.667 0.89275 0.672 0.90125 0.6756666666666666 0.908 0.6766666666666666 0.9115 0.672 0.91475 0.6633333333333333 0.92425 0.6196666666666667 0.92425 0.6156666666666667 0.922 0.6113333333333333 0.91825 0.608 0.9025 0.5986666666666667 0.8955 0.5963333333333334 0.8795 0.588 0.873 0.587 0.8715 0.588 0.86925 0.592 0.86 0.6276666666666667
0 0.491 0.351 0.49125 0.4043333333333333 0.49225 0.41133333333333333 0.49375 0.4146666666666667 0.498 0.41633333333333333 0.509 0.415 0.537 0.4146666666666667 0.5405 0.414 0.54275 0.412 0.544 0.408 0.544 0.3933333333333333 0.54275 0.36866666666666664 0.54275 0.352 0.5415 0.348 0.53625 0.3453333333333333 0.5085 0.345 0.495 0.3466666666666667 0.49175 0.3486666666666667 0.491 0.351
0 0.137 0.23366666666666666 0.137 0.24966666666666668 0.13925 0.25333333333333335 0.14375 0.256 0.14775 0.25633333333333336 0.15175 0.254 0.1585 0.25366666666666665 0.17025 0.25566666666666665 0.19025 0.25666666666666665 0.19275 0.25433333333333336 0.194 0.251 0.19625 0.22866666666666666 0.19675 0.21333333333333335 0.19775 0.20766666666666667 0.19725 0.19566666666666666 0.19575 0.193 0.19275 0.19066666666666668 0.1875 0.18933333333333333 0.15125 0.185 0.1445 0.186 0.142 0.189 0.14075 0.19633333333333333 0.137 0.23366666666666666
0 0.907 0.5906666666666667 0.907 0.597 0.91225 0.603 0.92275 0.6106666666666667 0.92725 0.619 0.932 0.6243333333333333 0.93875 0.631 0.94475 0.635 0.953 0.637 0.95625 0.6346666666666667 0.96125 0.627 0.9685 0.611 0.97575 0.5986666666666667 0.97875 0.592 0.9795 0.5843333333333334 0.975 0.5766666666666667 0.953 0.5526666666666666 0.9465 0.5463333333333333 0.9425 0.5436666666666666 0.93875 0.5426666666666666 0.936 0.5433333333333333 0.9325 0.546 0.92775 0.5526666666666666 0.907 0.5906666666666667
0 0.486 0.772 0.48575 0.7763333333333333 0.48675 0.7793333333333333 0.49125 0.7823333333333333 0.50325 0.7853333333333333 0.52925 0.7943333333333333 0.53675 0.7946666666666666 0.54 0.79 0.542 0.78 0.55 0.73 0.55 0.7236666666666667 0.54675 0.7193333333333334 0.533 0.7146666666666667 0.515 0.7103333333333334 0.50225 0.706 0.49825 0.7066666666666667 0.49625 0.71 0.49475 0.7166666666666667 0.49 0.75 0.486 0.772
0 0.5005 0.6533333333333333 0.49975 0.701 0.501 0.7046666666666667 0.50575 0.7066666666666667 0.5145 0.708 0.53325 0.7086666666666667 0.54925 0.7086666666666667 0.554 0.7056666666666667 0.5555 0.6976666666666667 0.556 0.6763333333333333 0.556 0.643 0.5555 0.6366666666666667 0.55425 0.6333333333333333 0.54825 0.6323333333333333 0.5045 0.6316666666666667 0.50225 0.6333333333333333 0.50125 0.6363333333333333 0.5005 0.6533333333333333
0 0.44725 0.573 0.44725 0.599 0.446 0.6263333333333333 0.448 0.632 0.4515 0.6333333333333333 0.49275 0.6346666666666667 0.499 0.6336666666666667 0.5005 0.632 0.502 0.6216666666666667 0.503 0.5806666666666667 0.50275 0.5666666666666667 0.5015 0.5616666666666666 0.499 0.5603333333333333 0.4525 0.5593333333333333 0.44925 0.5616666666666666 0.44825 0.5643333333333334 0.44725 0.573
0 0.143 0.30933333333333335 0.14325 0.321 0.14475 0.32266666666666666 0.15075 0.325 0.15825 0.3233333333333333 0.195 0.32666666666666666 0.199 0.3253333333333333 0.20075 0.32066666666666666 0.2035 0.2886666666666667 0.20425 0.26766666666666666 0.203 0.262 0.19925 0.25933333333333336 0.19125 0.25733333333333336 0.17075 0.25633333333333336 0.15825 0.254 0.14975 0.25566666666666665 0.14775 0.25866666666666666 0.143 0.30933333333333335
0 0.38675 0.5836666666666667 0.38675 0.646 0.38775 0.6486666666666666 0.39 0.65 0.4155 0.65 0.437 0.6493333333333333 0.43925 0.649 0.44125 0.6473333333333333 0.4425 0.6403333333333333 0.44325 0.615 0.44225 0.5806666666666667 0.44075 0.5766666666666667 0.43825 0.5756666666666667 0.428 0.5756666666666667 0.3925 0.577 0.38925 0.578 0.38675 0.5836666666666667
0 0.44325 0.425 0.44375 0.45066666666666666 0.44275 0.4806666666666667 0.444 0.4846666666666667 0.4495 0.48633333333333334 0.4915 0.4876666666666667 0.496 0.484 0.497 0.472 0.497 0.428 0.4965 0.41933333333333334 0.49575 0.4176666666666667 0.49125 0.416 0.47725 0.4146666666666667 0.44925 0.4146666666666667 0.44525 0.41633333333333333 0.44425 0.41833333333333333 0.44325 0.425
0 0.33225 0.4593333333333333 0.332 0.47633333333333333 0.33325 0.4806666666666667 0.33425 0.48133333333333334 0.341 0.4826666666666667 0.378 0.484 0.3825 0.485 0.385 0.48433333333333334 0.3865 0.481 0.38775 0.4673333333333333 0.38725 0.46 0.38975 0.422 0.38875 0.415 0.38525 0.413 0.3675 0.41133333333333333 0.34325 0.4103333333333333 0.337 0.41133333333333333 0.335 0.415 0.334 0.4216666666666667 0.33225 0.4593333333333333
0 0.50325 0.4886666666666667 0.503 0.514 0.50425 0.554 0.50525 0.5563333333333333 0.55175 0.5563333333333333 0.55475 0.5556666666666666 0.55725 0.5536666666666666 0.55775 0.541 0.5565 0.49766666666666665 0.5555 0.488 0.55375 0.48533333333333334 0.5505 0.484 0.515 0.48533333333333334 0.505 0.48633333333333334 0.50325 0.4886666666666667
0 0.739 0.6396666666666667 0.73775 0.6636666666666666 0.7385 0.6683333333333333 0.73975 0.67 0.74425 0.672 0.76325 0.6746666666666666 0.7725 0.677 0.7845 0.679 0.79 0.6786666666666666 0.79375 0.676 0.79525 0.6723333333333333 0.796 0.6673333333333333 0.7985 0.6196666666666667 0.7985 0.6126666666666667 0.79775 0.6096666666666667 0.7925 0.6063333333333333 0.776 0.6026666666666667 0.75075 0.5983333333333334 0.7445 0.5993333333333334 0.74275 0.6013333333333334 0.74125 0.6053333333333333 0.739 0.6396666666666667
0 0.558 0.567 0.5595 0.605 0.5595 0.627 0.56025 0.6306666666666667 0.564 0.634 0.56825 0.6343333333333333 0.60875 0.6306666666666667 0.61225 0.6293333333333333 0.614 0.6273333333333333 0.615 0.6233333333333333 0.615 0.614 0.61225 0.576 0.61125 0.565 0.6105 0.561 0.609 0.5583333333333333 0.60625 0.5573333333333333 0.5985 0.5573333333333333 0.5615 0.5603333333333333 0.559 0.562 0.558 0.567
0 0.50375 0.563 0.503 0.627 0.50425 0.6296666666666667 0.50775 0.6306666666666667 0.5345 0.6313333333333333 0.5535 0.6313333333333333 0.555 0.63 0.558 0.6203333333333333 0.558 0.608 0.5565 0.5643333333333334 0.55575 0.5606666666666666 0.55425 0.5586666666666666 0.5455 0.5576666666666666 0.51225 0.5573333333333333 0.50525 0.5583333333333333 0.50375 0.563
0 0.50075 0.21533333333333332 0.501 0.2683333333333333 0.5015 0.276 0.50275 0.2793333333333333 0.50525 0.281 0.5145 0.2776666666666667 0.54725 0.277 0.55225 0.275 0.553 0.272 0.5525 0.24 0.551 0.216 0.55 0.21266666666666667 0.547 0.21133333333333335 0.5145 0.21066666666666667 0.50225 0.21166666666666667 0.50075 0.21533333333333332
0 0.55575 0.42766666666666664 0.555 0.44066666666666665 0.55625 0.4653333333333333 0.556 0.481 0.5575 0.488 0.559 0.491 0.567 0.49266666666666664 0.60475 0.492 0.6095 0.4886666666666667 0.61 0.4643333333333333 0.60925 0.43766666666666665 0.608 0.42533333333333334 0.60625 0.4226666666666667 0.59725 0.421 0.55975 0.42133333333333334 0.55725 0.42233333333333334 0.55575 0.42766666666666664
0 0.8225 0.502 0.82175 0.505 0.82225 0.52 0.82425 0.5383333333333333 0.82525 0.5613333333333334 0.82575 0.564 0.827 0.5656666666666667 0.83425 0.5676666666666667 0.8455 0.5676666666666667 0.874 0.5666666666666667 0.88125 0.5643333333333334 0.8825 0.5593333333333333 0.8825 0.5536666666666666 0.879 0.505 0.877 0.49766666666666665 0.86325 0.496 0.83 0.49633333333333335 0.825 0.498 0.8225 0.502
0 0.3885 0.44 0.38775 0.45966666666666667 0.38825 0.4666666666666667 0.3865 0.484 0.38775 0.49133333333333334 0.38875 0.49266666666666664 0.39375 0.494 0.4345 0.49633333333333335 0.4405 0.49466666666666664 0.442 0.491 0.44275 0.45666666666666667 0.44275 0.42833333333333334 0.4415 0.425 0.429 0.42333333333333334 0.39325 0.42233333333333334 0.3905 0.4236666666666667 0.38975 0.4256666666666667 0.3885 0.44
0 0.5 0.154 0.5005 0.20533333333333334 0.5015 0.21133333333333335 0.51725 0.20933333333333334 0.53925 0.21 0.54625 0.21133333333333335 0.55075 0.21033333333333334 0.552 0.20366666666666666 0.55175 0.18766666666666668 0.55075 0.15666666666666668 0.55 0.15066666666666667 0.54875 0.14733333333333334 0.54675 0.14566666666666667 0.5425 0.14466666666666667 0.50575 0.14533333333333334 0.501 0.147 0.5 0.154
0 0.35375 0.859 0.35275 0.8623333333333333 0.35275 0.8663333333333333 0.35525 0.87 0.38075 0.8896666666666667 0.39025 0.8983333333333333 0.39475 0.9016666666666666 0.398 0.9026666666666666 0.4015 0.9003333333333333 0.40775 0.8893333333333333 0.42775 0.8423333333333334 0.429 0.8346666666666667 0.42775 0.8313333333333334 0.422 0.8263333333333334 0.40675 0.8153333333333334 0.389 0.8003333333333333 0.38325 0.7976666666666666 0.3805 0.7993333333333333 0.37675 0.8056666666666666 0.35375 0.859