0 0.34775 0.6583333333333333 0.34725 0.689 0.3485 0.6923333333333334 0.352 0.6953333333333334 0.3615 0.6966666666666667 0.4185 0.6963333333333334 0.4355 0.694 0.43725 0.6903333333333334 0.438 0.678 0.438 0.6283333333333333 0.43975 0.5896666666666667 0.43975 0.5846666666666667 0.43825 0.5796666666666667 0.43575 0.577 0.4255 0.5756666666666667 0.36825 0.5763333333333334 0.35725 0.5776666666666667 0.354 0.579 0.3525 0.581 0.3515 0.585 0.3515 0.5966666666666667 0.34775 0.6583333333333333
0 0.52275 0.389 0.52225 0.3983333333333333 0.52425 0.46 0.5235 0.4786666666666667 0.52375 0.481 0.526 0.48433333333333334 0.54 0.486 0.592 0.48633333333333334 0.599 0.485 0.60375 0.4806666666666667 0.6045 0.4736666666666667 0.604 0.44666666666666666 0.60225 0.429 0.6005 0.394 0.59975 0.39066666666666666 0.59825 0.38866666666666666 0.59525 0.3863333333333333 0.588 0.38533333333333336 0.53525 0.38366666666666666 0.52575 0.38566666666666666 0.52375 0.387 0.52275 0.389
0 0.4425 0.338 0.441 0.36833333333333335 0.441 0.37633333333333335 0.4425 0.382 0.446 0.38333333333333336 0.45 0.38133333333333336 0.45675 0.38033333333333336 0.503 0.382 0.51575 0.384 0.518 0.38066666666666665 0.519 0.375 0.521 0.311 0.5205 0.30266666666666664 0.519 0.2986666666666667 0.5155 0.29633333333333334 0.46125 0.2906666666666667 0.45625 0.2906666666666667 0.44975 0.2926666666666667 0.4455 0.2966666666666667 0.4425 0.338
0 0.0595 0.6806666666666666 0.0595 0.689 0.06075 0.6923333333333334 0.064 0.695 0.0695 0.6966666666666667 0.136 0.6996666666666667 0.1505 0.6996666666666667 0.155 0.6976666666666667 0.158 0.6926666666666667 0.1585 0.6893333333333334 0.1565 0.6826666666666666 0.157 0.6656666666666666 0.1605 0.6416666666666667 0.1625 0.6336666666666667 0.16925 0.5846666666666667 0.16675 0.5813333333333334 0.16475 0.5803333333333334 0.15475 0.5786666666666667 0.09875 0.5766666666666667 0.088 0.5766666666666667 0.083 0.5783333333333334 0.0805 0.5813333333333334 0.077 0.592 0.0595 0.6806666666666666
0 0.44 0.6273333333333333 0.44025 0.649 0.43925 0.6606666666666666 0.43975 0.6676666666666666 0.4385 0.6926666666666667 0.44025 0.6966666666666667 0.443 0.6983333333333334 0.4475 0.699 0.49725 0.699 0.5155 0.7003333333333334 0.52125 0.7016666666666667 0.526 0.701 0.528 0.699 0.5295 0.694 0.52975 0.6886666666666666 0.52775 0.593 0.52625 0.588 0.52275 0.5843333333333334 0.46075 0.5823333333333334 0.44575 0.5836666666666667 0.4425 0.5863333333333334 0.4415 0.5886666666666667 0.44 0.6273333333333333
0 0.429 0.793 0.42925 0.8243333333333334 0.4305 0.8273333333333334 0.4335 0.83 0.43825 0.831 0.513 0.8313333333333334 0.52275 0.8286666666666667 0.5245 0.825 0.52525 0.8163333333333334 0.52425 0.7336666666666667 0.5235 0.708 0.52275 0.705 0.51875 0.7013333333333334 0.49625 0.7 0.4425 0.6996666666666667 0.4355 0.7013333333333334 0.43225 0.7063333333333334 0.432 0.7083333333333334 0.43 0.762 0.43025 0.7723333333333333 0.429 0.793
0 0.15875 0.6613333333333333 0.15775 0.6726666666666666 0.15825 0.6856666666666666 0.15975 0.69 0.16425 0.6926666666666667 0.17825 0.694 0.19275 0.6936666666666667 0.21975 0.695 0.24375 0.6946666666666667 0.249 0.693 0.25175 0.689 0.25225 0.6666666666666666 0.25675 0.6266666666666667 0.2575 0.6116666666666667 0.26075 0.5816666666666667 0.2605 0.578 0.25875 0.576 0.2555 0.575 0.2265 0.5736666666666667 0.1815 0.5733333333333334 0.175 0.5753333333333334 0.17075 0.5813333333333334 0.1655 0.6203333333333333 0.16375 0.627 0.1625 0.6393333333333333 0.16075 0.6453333333333333 0.15875 0.6613333333333333
0 0.44375 0.2723333333333333 0.4435 0.2876666666666667 0.446 0.295 0.449 0.29233333333333333 0.453 0.2906666666666667 0.46025 0.29 0.48325 0.292 0.5115 0.296 0.5165 0.2956666666666667 0.51775 0.2936666666666667 0.5185 0.2896666666666667 0.5205 0.22766666666666666 0.52 0.22 0.51875 0.21766666666666667 0.515 0.21533333333333332 0.5015 0.21333333333333335 0.464 0.21 0.45475 0.21 0.45025 0.21166666666666667 0.449 0.21333333333333335 0.44725 0.22366666666666668 0.4465 0.24133333333333334 0.44525 0.24966666666666668 0.44375 0.2723333333333333
0 0.442 0.437 0.44175 0.47433333333333333 0.44275 0.477 0.45475 0.476 0.50825 0.476 0.5185 0.4786666666666667 0.5205 0.47833333333333333 0.52225 0.476 0.523 0.4703333333333333 0.521 0.3903333333333333 0.5185 0.3863333333333333 0.5155 0.38466666666666666 0.49625 0.38366666666666666 0.48725 0.38433333333333336 0.48075 0.38266666666666665 0.4605 0.382 0.45125 0.382 0.4465 0.38333333333333336 0.44425 0.38533333333333336 0.44325 0.39 0.442 0.437
0 0.67925 0.39166666666666666 0.6865 0.465 0.68575 0.478 0.68625 0.4806666666666667 0.688 0.483 0.69125 0.4846666666666667 0.69625 0.48533333333333334 0.75525 0.4866666666666667 0.76075 0.48433333333333334 0.7665 0.478 0.76725 0.47433333333333333 0.767 0.467 0.75925 0.4063333333333333 0.75775 0.39766666666666667 0.75475 0.3893333333333333 0.7515 0.38666666666666666 0.7475 0.386 0.68775 0.38466666666666666 0.68175 0.38666666666666666 0.67925 0.39166666666666666
0 0.25325 0.6653333333333333 0.25325 0.6863333333333334 0.25425 0.6893333333333334 0.25825 0.692 0.2645 0.693 0.33575 0.693 0.3415 0.6923333333333334 0.34525 0.6903333333333334 0.346 0.6893333333333334 0.34625 0.6853333333333333 0.34675 0.6483333333333333 0.34775 0.6376666666666667 0.34825 0.613 0.351 0.5823333333333334 0.35075 0.5786666666666667 0.34925 0.575 0.34425 0.5726666666666667 0.321 0.572 0.2725 0.5723333333333334 0.2645 0.5746666666666667 0.2625 0.5776666666666667 0.261 0.585 0.2595 0.6083333333333333 0.25775 0.6183333333333333 0.256 0.6426666666666667 0.25325 0.6653333333333333
0 0.76325 0.405 0.76275 0.4126666666666667 0.7635 0.4246666666666667 0.76675 0.44433333333333336 0.77025 0.47733333333333333 0.77175 0.487 0.77575 0.49433333333333335 0.7805 0.496 0.78925 0.49666666666666665 0.83975 0.49733333333333335 0.84975 0.49466666666666664 0.854 0.49066666666666664 0.85525 0.4876666666666667 0.8555 0.48 0.853 0.4633333333333333 0.84375 0.4116666666666667 0.84175 0.404 0.83925 0.4 0.835 0.39766666666666667 0.832 0.3973333333333333 0.77225 0.39666666666666667 0.7685 0.3973333333333333 0.7655 0.3993333333333333 0.76325 0.405
0 0.61775 0.5946666666666667 0.61775 0.6073333333333333 0.61875 0.6163333333333333 0.6215 0.6756666666666666 0.6215 0.703 0.62275 0.7046666666666667 0.63075 0.707 0.67175 0.7093333333333334 0.6885 0.7116666666666667 0.70325 0.711 0.7065 0.7096666666666667 0.70925 0.7063333333333334 0.71025 0.7023333333333334 0.7105 0.696 0.7065 0.6343333333333333 0.704 0.603 0.703 0.5993333333333334 0.70125 0.5966666666666667 0.69925 0.595 0.69125 0.5933333333333334 0.63125 0.5883333333333334 0.62325 0.589 0.619 0.5916666666666667 0.61775 0.5946666666666667
0 0.5295 0.594 0.52975 0.645 0.53075 0.6743333333333333 0.53025 0.6996666666666667 0.532 0.703 0.54275 0.7053333333333334 0.5955 0.708 0.61275 0.7076666666666667 0.61625 0.7063333333333334 0.61975 0.703 0.621 0.6923333333333334 0.62075 0.6776666666666666 0.6185 0.6623333333333333 0.61875 0.649 0.61725 0.6346666666666667 0.6165 0.603 0.6155 0.5953333333333334 0.614 0.5916666666666667 0.60925 0.5893333333333334 0.60275 0.5883333333333334 0.53825 0.586 0.53175 0.5883333333333334 0.5295 0.594
0 0.43875 0.5486666666666666 0.4385 0.5753333333333334 0.4425 0.5823333333333334 0.453 0.5813333333333334 0.47725 0.5813333333333334 0.50725 0.583 0.52225 0.5823333333333334 0.52375 0.5793333333333334 0.52475 0.5726666666666667 0.52325 0.49033333333333334 0.5225 0.4836666666666667 0.519 0.479 0.50875 0.477 0.45275 0.477 0.4425 0.47933333333333333 0.44125 0.482 0.4405 0.488 0.43875 0.5486666666666666
0 0.60075 0.3873333333333333 0.6 0.39066666666666666 0.60175 0.404 0.6055 0.4643333333333333 0.605 0.474 0.60525 0.4776666666666667 0.6065 0.481 0.60925 0.4826666666666667 0.61325 0.48333333333333334 0.67225 0.484 0.67975 0.48233333333333334 0.68375 0.4786666666666667 0.68575 0.4716666666666667 0.68575 0.462 0.68075 0.42233333333333334 0.67875 0.39666666666666667 0.6775 0.39066666666666666 0.675 0.3863333333333333 0.67175 0.38433333333333336 0.664 0.38266666666666665 0.60925 0.38266666666666665 0.605 0.38333333333333336 0.60075 0.3873333333333333