0 0.6013333333333334 0.2745 0.6 0.3225 0.601 0.326 0.6036666666666667 0.329 0.6053333333333333 0.32975 0.656 0.33075 0.6846666666666666 0.33025 0.6883333333333334 0.329 0.691 0.325 0.6916666666666667 0.31975 0.6913333333333334 0.2675 0.691 0.265 0.689 0.262 0.6863333333333334 0.26125 0.6306666666666667 0.26175 0.6056666666666667 0.26075 0.603 0.262 0.602 0.264 0.6013333333333334 0.2745
0 0.511 0.338 0.509 0.39525 0.5096666666666667 0.398 0.5116666666666667 0.39975 0.5256666666666666 0.40075 0.5803333333333334 0.40175 0.5946666666666667 0.40125 0.5986666666666667 0.39875 0.6 0.3945 0.603 0.35 0.6023333333333334 0.33575 0.6003333333333334 0.33325 0.5986666666666667 0.3325 0.5916666666666667 0.332 0.5603333333333333 0.3325 0.5473333333333333 0.33075 0.5363333333333333 0.33125 0.5196666666666667 0.33 0.5156666666666667 0.33025 0.513 0.33175 0.5113333333333333 0.33475 0.511 0.338
0 0.119 0.41975 0.11866666666666667 0.42775 0.12166666666666667 0.47775 0.123 0.4835 0.12533333333333332 0.48575 0.135 0.48675 0.20233333333333334 0.48675 0.21233333333333335 0.486 0.21733333333333332 0.484 0.21833333333333332 0.48025 0.217 0.4425 0.21533333333333332 0.421 0.21333333333333335 0.41775 0.20966666666666667 0.4165 0.201 0.416 0.13633333333333333 0.41625 0.12266666666666666 0.417 0.12033333333333333 0.41775 0.119 0.41975
0 0.32366666666666666 0.5215 0.32366666666666666 0.54375 0.32466666666666666 0.54525 0.328 0.54675 0.36466666666666664 0.548 0.4083333333333333 0.548 0.4116666666666667 0.54725 0.415 0.54425 0.4156666666666667 0.54 0.4186666666666667 0.4895 0.41833333333333333 0.48425 0.41633333333333333 0.48075 0.4146666666666667 0.47975 0.4076666666666667 0.47875 0.396 0.47925 0.387 0.47825 0.37266666666666665 0.47875 0.36966666666666664 0.4795 0.3526666666666667 0.47825 0.341 0.4785 0.33866666666666667 0.47775 0.33166666666666667 0.47775 0.32766666666666666 0.47875 0.32566666666666666 0.48075 0.32466666666666666 0.48625 0.32366666666666666 0.5215
0 0.31633333333333336 0.59325 0.31666666666666665 0.613 0.31866666666666665 0.6155 0.32166666666666666 0.61725 0.3626666666666667 0.619 0.39766666666666667 0.61875 0.4046666666666667 0.61725 0.4076666666666667 0.61475 0.409 0.61125 0.4106666666666667 0.56725 0.4106666666666667 0.55325 0.409 0.55 0.407 0.549 0.386 0.5485 0.37266666666666665 0.5485 0.36133333333333334 0.5495 0.324 0.548 0.321 0.549 0.319 0.552 0.31766666666666665 0.55975 0.31633333333333336 0.59325
0 0.6036666666666667 0.42075 0.603 0.4645 0.6033333333333334 0.467 0.605 0.4685 0.6093333333333333 0.47 0.614 0.47025 0.6533333333333333 0.47025 0.6863333333333334 0.47 0.6886666666666666 0.46975 0.692 0.468 0.694 0.4585 0.6946666666666667 0.41525 0.6943333333333334 0.408 0.6926666666666667 0.40475 0.6896666666666667 0.40275 0.6826666666666666 0.40175 0.6473333333333333 0.4025 0.6286666666666667 0.4015 0.616 0.40175 0.609 0.40275 0.606 0.4045 0.6043333333333333 0.40725 0.6036666666666667 0.42075
0 0.41433333333333333 0.32975 0.4136666666666667 0.34125 0.4146666666666667 0.38075 0.4156666666666667 0.394 0.418 0.3965 0.42433333333333334 0.3975 0.463 0.397 0.491 0.3955 0.502 0.39575 0.5043333333333333 0.394 0.506 0.39125 0.5066666666666667 0.385 0.506 0.3415 0.505 0.3325 0.5033333333333333 0.3285 0.5013333333333333 0.32675 0.4856666666666667 0.32625 0.45666666666666667 0.32725 0.421 0.32725 0.4166666666666667 0.328 0.41433333333333333 0.32975
0 0.12666666666666668 0.66775 0.12666666666666668 0.68575 0.12833333333333333 0.68875 0.131 0.68975 0.167 0.6905 0.20366666666666666 0.69 0.21566666666666667 0.68925 0.22033333333333333 0.68775 0.222 0.686 0.22266666666666668 0.68325 0.224 0.65275 0.22433333333333333 0.62525 0.22266666666666668 0.6205 0.22066666666666668 0.61925 0.18233333333333332 0.61925 0.13666666666666666 0.6195 0.131 0.62075 0.129 0.62275 0.12866666666666668 0.62475 0.12666666666666668 0.66775
0 0.319 0.6405 0.31833333333333336 0.68325 0.319 0.6865 0.321 0.6885 0.3403333333333333 0.69025 0.40066666666666667 0.69025 0.407 0.689 0.4096666666666667 0.68725 0.411 0.685 0.4116666666666667 0.68025 0.413 0.64675 0.4126666666666667 0.626 0.411 0.62225 0.4056666666666667 0.6205 0.36433333333333334 0.62075 0.35133333333333333 0.62 0.347 0.621 0.324 0.621 0.321 0.62225 0.32 0.6245 0.319 0.6405
0 0.421 0.549 0.4226666666666667 0.60275 0.424 0.6085 0.426 0.611 0.428 0.61175 0.44466666666666665 0.612 0.4666666666666667 0.6105 0.47733333333333333 0.61075 0.48 0.60975 0.5016666666666667 0.61025 0.509 0.60925 0.513 0.60725 0.5153333333333333 0.6025 0.513 0.5525 0.512 0.54525 0.5093333333333333 0.54175 0.49766666666666665 0.54125 0.4786666666666667 0.5425 0.44566666666666666 0.5425 0.42933333333333334 0.54325 0.4236666666666667 0.5445 0.422 0.546 0.421 0.549
0 0.416 0.61675 0.41533333333333333 0.6375 0.4166666666666667 0.67125 0.418 0.6775 0.4216666666666667 0.68125 0.428 0.683 0.4513333333333333 0.682 0.4676666666666667 0.68 0.49466666666666664 0.6785 0.5016666666666667 0.6775 0.5063333333333333 0.67525 0.508 0.6705 0.508 0.661 0.5056666666666667 0.622 0.505 0.616 0.5016666666666667 0.61125 0.48333333333333334 0.611 0.4746666666666667 0.61225 0.466 0.61175 0.454 0.61275 0.42733333333333334 0.61325 0.419 0.6145 0.416 0.61675
0 0.225 0.623 0.224 0.6795 0.225 0.6835 0.227 0.68575 0.29533333333333334 0.687 0.30966666666666665 0.687 0.31466666666666665 0.68575 0.31633333333333336 0.68275 0.317 0.6775 0.31866666666666665 0.625 0.31866666666666665 0.62225 0.31666666666666665 0.6185 0.31066666666666665 0.617 0.29733333333333334 0.6175 0.23533333333333334 0.616 0.23033333333333333 0.6165 0.22733333333333333 0.61775 0.22533333333333333 0.61975 0.225 0.623
0 0.5036666666666667 0.407 0.5036666666666667 0.46675 0.5066666666666667 0.4705 0.511 0.472 0.525 0.47225 0.533 0.47325 0.536 0.47225 0.546 0.47175 0.5823333333333334 0.4715 0.5906666666666667 0.47075 0.5933333333333334 0.46975 0.5953333333333334 0.467 0.5956666666666667 0.453 0.5943333333333334 0.4095 0.592 0.4035 0.589 0.40275 0.549 0.404 0.5153333333333333 0.40325 0.5083333333333333 0.404 0.5053333333333333 0.40525 0.5036666666666667 0.407
0 0.31533333333333335 0.41125 0.31533333333333335 0.47175 0.31733333333333336 0.475 0.324 0.476 0.35533333333333333 0.47625 0.36933333333333335 0.47725 0.401 0.47725 0.4053333333333333 0.4755 0.408 0.47025 0.4086666666666667 0.41375 0.408 0.41075 0.405 0.408 0.374 0.4065 0.32066666666666666 0.407 0.31733333333333336 0.408 0.31533333333333335 0.41125
0 0.21733333333333332 0.423 0.219 0.48175 0.22066666666666668 0.48475 0.22366666666666668 0.486 0.231 0.4865 0.272 0.48575 0.29933333333333334 0.48625 0.308 0.48575 0.31133333333333335 0.48475 0.31333333333333335 0.48125 0.314 0.47325 0.31233333333333335 0.42275 0.31066666666666665 0.41825 0.30566666666666664 0.417 0.225 0.4175 0.22033333333333333 0.41825 0.218 0.4205 0.21733333333333332 0.423
0 0.6926666666666667 0.261 0.692 0.274 0.693 0.32 0.6936666666666667 0.3245 0.6956666666666667 0.3265 0.7143333333333334 0.327 0.769 0.326 0.7796666666666666 0.3255 0.7816666666666666 0.3245 0.7833333333333333 0.32175 0.784 0.3175 0.7826666666666666 0.26875 0.7813333333333333 0.26175 0.778 0.2585 0.7723333333333333 0.2575 0.7006666666666667 0.25825 0.696 0.25875 0.6926666666666667 0.261
0 0.4196666666666667 0.48375 0.41933333333333334 0.53325 0.4196666666666667 0.5365 0.422 0.5405 0.425 0.54125 0.4876666666666667 0.541 0.5036666666666667 0.54025 0.5086666666666667 0.539 0.5103333333333333 0.53525 0.5113333333333333 0.52875 0.512 0.4995 0.5116666666666667 0.47925 0.51 0.47425 0.5083333333333333 0.47275 0.502 0.471 0.479 0.47225 0.45266666666666666 0.47225 0.44333333333333336 0.47125 0.43 0.47175 0.426 0.4725 0.4216666666666667 0.47475 0.4196666666666667 0.48375
0 0.7843333333333333 0.26425 0.784 0.325 0.7863333333333333 0.32725 0.7943333333333333 0.32875 0.8036666666666666 0.32925 0.8383333333333334 0.3285 0.8626666666666667 0.329 0.87 0.328 0.872 0.3265 0.8736666666666667 0.323 0.8746666666666667 0.299 0.8746666666666667 0.269 0.8726666666666667 0.26175 0.8696666666666667 0.2605 0.8616666666666667 0.25975 0.7946666666666666 0.26 0.7863333333333333 0.26125 0.7843333333333333 0.26425
0 0.4103333333333333 0.40875 0.41 0.46225 0.41133333333333333 0.46675 0.41333333333333333 0.4685 0.417 0.4695 0.4266666666666667 0.47 0.47733333333333333 0.47075 0.495 0.47025 0.5003333333333333 0.46775 0.502 0.46425 0.5023333333333333 0.4595 0.5016666666666667 0.41125 0.501 0.40425 0.498 0.40175 0.49233333333333335 0.4005 0.484 0.40075 0.4706666666666667 0.39975 0.418 0.4 0.415 0.401 0.4116666666666667 0.404 0.4103333333333333 0.40875
0 0.5086666666666667 0.26925 0.508 0.319 0.5086666666666667 0.32125 0.511 0.323 0.5176666666666667 0.324 0.5256666666666666 0.32325 0.5323333333333333 0.3245 0.5453333333333333 0.325 0.5543333333333333 0.32425 0.559 0.325 0.5856666666666667 0.32525 0.595 0.32425 0.5976666666666667 0.3225 0.5993333333333334 0.318 0.5996666666666667 0.313 0.601 0.267 0.6006666666666667 0.25975 0.5983333333333334 0.25625 0.5896666666666667 0.25475 0.5146666666666667 0.25425 0.511 0.25575 0.5096666666666667 0.25825 0.5086666666666667 0.26925
0 0.5236666666666666 0.49575 0.5223333333333333 0.53975 0.5253333333333333 0.5445 0.546 0.546 0.6013333333333334 0.54675 0.606 0.54625 0.6106666666666667 0.544 0.6133333333333333 0.53575 0.6153333333333333 0.49525 0.6153333333333333 0.484 0.6126666666666667 0.48025 0.597 0.479 0.5726666666666667 0.47975 0.564 0.4785 0.529 0.479 0.5256666666666666 0.48025 0.5243333333333333 0.4835 0.5236666666666666 0.49575
0 0.604 0.33475 0.6043333333333333 0.3595 0.6033333333333334 0.38475 0.6023333333333334 0.38925 0.6033333333333334 0.398 0.6063333333333333 0.39975 0.623 0.40025 0.6296666666666667 0.3995 0.644 0.3995 0.674 0.40075 0.6833333333333333 0.4005 0.689 0.39925 0.6913333333333334 0.3945 0.6923333333333334 0.3795 0.693 0.338 0.6913333333333334 0.33325 0.6896666666666667 0.332 0.686 0.33125 0.658 0.33325 0.6323333333333333 0.3315 0.6136666666666667 0.33125 0.6093333333333333 0.33175 0.604 0.33475
0 0.30766666666666664 0.7225 0.30733333333333335 0.752 0.30833333333333335 0.757 0.31066666666666665 0.75925 0.31666666666666665 0.76025 0.37866666666666665 0.76075 0.39266666666666666 0.7605 0.3983333333333333 0.7585 0.40066666666666667 0.75175 0.4013333333333333 0.69775 0.401 0.6955 0.39766666666666667 0.691 0.3913333333333333 0.69025 0.3403333333333333 0.69075 0.31966666666666665 0.69 0.31266666666666665 0.6915 0.31033333333333335 0.69275 0.30866666666666664 0.69875 0.30766666666666664 0.7225