0 0.5486666666666666 0.57025 0.08266666666666667 0.0615
0 0.6318333333333334 0.567125 0.08366666666666667 0.06175
0 0.5496666666666666 0.632625 0.084 0.06225
0 0.5436666666666666 0.69575 0.084 0.063
0 0.21016666666666667 0.385875 0.08366666666666667 0.06225
0 0.29333333333333333 0.3845 0.08133333333333333 0.061
0 0.376 0.38625 0.08133333333333333 0.0625
0 0.4585 0.381 0.08166666666666667 0.0615
0 0.54 0.38425 0.08066666666666666 0.0615
0 0.2975 0.44575 0.085 0.061
0 0.3 0.507375 0.08466666666666667 0.06225
0 0.2971666666666667 0.56975 0.08433333333333333 0.064
0 0.38183333333333336 0.573 0.08366666666666667 0.0635
0 0.4651666666666667 0.573 0.08366666666666667 0.0625
0 0.2941666666666667 0.63267 0.08433333333333333 0.06525