0 0.4235 0.5423333333333333 0.42325 0.5993333333333334 0.425 0.6046666666666667 0.42875 0.6073333333333333 0.46625 0.6086666666666667 0.48125 0.608 0.48425 0.606 0.485 0.6033333333333334 0.48625 0.5766666666666667 0.487 0.544 0.4865 0.5323333333333333 0.4855 0.529 0.4805 0.5276666666666666 0.441 0.527 0.42825 0.5246666666666666 0.425 0.5266666666666666 0.4235 0.5423333333333333
0 0.6195 0.173 0.619 0.18266666666666667 0.6205 0.205 0.621 0.236 0.61925 0.25866666666666666 0.6215 0.2623333333333333 0.62275 0.2633333333333333 0.63075 0.2633333333333333 0.674 0.25933333333333336 0.6835 0.25733333333333336 0.68625 0.255 0.68725 0.23866666666666667 0.68725 0.17166666666666666 0.68625 0.16733333333333333 0.683 0.16533333333333333 0.6545 0.16666666666666666 0.6295 0.16933333333333334 0.6215 0.171 0.6195 0.173
0 0.5575 0.2723333333333333 0.55775 0.342 0.55825 0.35233333333333333 0.56 0.3556666666666667 0.576 0.35633333333333334 0.595 0.355 0.606 0.35533333333333333 0.62 0.35433333333333333 0.62325 0.352 0.6245 0.3453333333333333 0.62475 0.27566666666666667 0.62425 0.26866666666666666 0.623 0.266 0.62 0.26366666666666666 0.615 0.26266666666666666 0.57925 0.2663333333333333 0.56525 0.26666666666666666 0.55925 0.26866666666666666 0.5575 0.2723333333333333
0 0.492 0.362 0.492 0.433 0.4925 0.43966666666666665 0.49375 0.443 0.49725 0.44433333333333336 0.5445 0.44433333333333336 0.55075 0.444 0.55475 0.44166666666666665 0.556 0.43133333333333335 0.556 0.36666666666666664 0.55525 0.3586666666666667 0.55125 0.35733333333333334 0.4945 0.35833333333333334 0.493 0.35933333333333334 0.492 0.362
0 0.557 0.4483333333333333 0.5575 0.521 0.5585 0.526 0.55975 0.5276666666666666 0.564 0.529 0.60825 0.5283333333333333 0.61675 0.5273333333333333 0.6205 0.5243333333333333 0.62175 0.5193333333333333 0.622 0.45766666666666667 0.6215 0.44766666666666666 0.62 0.444 0.56025 0.44533333333333336 0.557 0.4483333333333333
0 0.4215 0.8473333333333334 0.42125 0.9113333333333333 0.42325 0.915 0.43075 0.9166666666666666 0.47225 0.9176666666666666 0.47725 0.9166666666666666 0.47925 0.9146666666666666 0.4805 0.9076666666666666 0.48075 0.899 0.48125 0.8453333333333334 0.4805 0.8433333333333334 0.4495 0.8436666666666667 0.42475 0.841 0.4225 0.843 0.4215 0.8473333333333334
0 0.42875 0.44866666666666666 0.4285 0.5203333333333333 0.4295 0.523 0.43225 0.525 0.4365 0.526 0.48425 0.5276666666666666 0.491 0.5246666666666666 0.4925 0.5173333333333333 0.49275 0.4836666666666667 0.4935 0.474 0.4935 0.446 0.49125 0.44266666666666665 0.432 0.44133333333333336 0.4295 0.445 0.42875 0.44866666666666666
0 0.426 0.36033333333333334 0.42575 0.38233333333333336 0.427 0.409 0.42575 0.42866666666666664 0.4265 0.43533333333333335 0.42875 0.43933333333333335 0.4315 0.44066666666666665 0.478 0.44166666666666665 0.48425 0.44166666666666665 0.48975 0.43933333333333335 0.4905 0.42433333333333334 0.49 0.3973333333333333 0.49075 0.3586666666666667 0.48925 0.3556666666666667 0.4815 0.354 0.43225 0.3536666666666667 0.42775 0.35533333333333333 0.426 0.36033333333333334
0 0.294 0.3446666666666667 0.29375 0.355 0.296 0.4186666666666667 0.29675 0.42233333333333334 0.2985 0.425 0.30325 0.42633333333333334 0.35025 0.42733333333333334 0.356 0.42733333333333334 0.35975 0.42633333333333334 0.36075 0.425 0.3595 0.37433333333333335 0.36 0.345 0.359 0.342 0.35575 0.3403333333333333 0.30025 0.3393333333333333 0.296 0.3406666666666667 0.294 0.3446666666666667
0 0.43075 0.6123333333333333 0.43025 0.6783333333333333 0.4305 0.6826666666666666 0.432 0.685 0.4365 0.6866666666666666 0.48175 0.689 0.487 0.6883333333333334 0.48925 0.6863333333333334 0.491 0.6823333333333333 0.4915 0.6776666666666666 0.492 0.6386666666666667 0.493 0.6213333333333333 0.49275 0.6126666666666667 0.4915 0.6086666666666667 0.48825 0.607 0.4745 0.6096666666666667 0.435 0.6083333333333333 0.432 0.61 0.43075 0.6123333333333333
0 0.425 0.6966666666666667 0.42475 0.762 0.4255 0.7633333333333333 0.432 0.7653333333333333 0.469 0.7673333333333333 0.4805 0.767 0.483 0.766 0.48425 0.7643333333333333 0.4855 0.7523333333333333 0.486 0.7236666666666667 0.48575 0.693 0.48425 0.6903333333333334 0.481 0.6893333333333334 0.455 0.689 0.42875 0.687 0.42675 0.6886666666666666 0.42525 0.6923333333333334 0.425 0.6966666666666667
0 0.2425 0.6096666666666667 0.24375 0.6726666666666666 0.24525 0.6793333333333333 0.24825 0.681 0.257 0.682 0.28325 0.683 0.29975 0.683 0.30325 0.682 0.30475 0.6803333333333333 0.3055 0.6786666666666666 0.30575 0.66 0.305 0.6426666666666667 0.306 0.6066666666666667 0.3055 0.602 0.30075 0.6003333333333334 0.29075 0.5996666666666667 0.25225 0.5986666666666667 0.24475 0.6016666666666667 0.243 0.6053333333333333 0.2425 0.6096666666666667
0 0.36825 0.612 0.3685 0.628 0.3675 0.6406666666666667 0.36825 0.6796666666666666 0.3695 0.683 0.3735 0.6846666666666666 0.383 0.6856666666666666 0.41825 0.687 0.42525 0.686 0.4285 0.6823333333333333 0.4295 0.6166666666666667 0.42925 0.6123333333333333 0.42775 0.609 0.423 0.6056666666666667 0.4185 0.6046666666666667 0.37525 0.6033333333333334 0.37075 0.6046666666666667 0.369 0.6076666666666667 0.36825 0.612
0 0.306 0.6073333333333333 0.306 0.6746666666666666 0.307 0.679 0.31025 0.6813333333333333 0.32075 0.6823333333333333 0.3615 0.6836666666666666 0.367 0.682 0.3675 0.6173333333333333 0.36825 0.6053333333333333 0.36675 0.6026666666666667 0.35675 0.6006666666666667 0.314 0.599 0.30775 0.602 0.306 0.6073333333333333
0 0.558 0.35933333333333334 0.557 0.362 0.557 0.43633333333333335 0.55725 0.43966666666666665 0.55875 0.44333333333333336 0.56075 0.44466666666666665 0.59075 0.443 0.6095 0.44333333333333336 0.6195 0.44166666666666665 0.62075 0.44 0.622 0.436 0.6225 0.429 0.6225 0.36866666666666664 0.622 0.35933333333333334 0.62075 0.3566666666666667 0.61875 0.3556666666666667 0.6145 0.3556666666666667 0.5825 0.35733333333333334 0.5605 0.35733333333333334 0.558 0.35933333333333334
0 0.36025 0.349 0.35975 0.36633333333333334 0.36075 0.38133333333333336 0.36125 0.42533333333333334 0.363 0.42966666666666664 0.3655 0.43166666666666664 0.36875 0.43233333333333335 0.415 0.43333333333333335 0.422 0.433 0.424 0.432 0.42525 0.42866666666666664 0.426 0.41733333333333333 0.425 0.391 0.4255 0.35233333333333333 0.424 0.348 0.41925 0.3463333333333333 0.36525 0.3453333333333333 0.36175 0.3466666666666667 0.36025 0.349
0 0.68825 0.171 0.6885 0.22866666666666666 0.6875 0.25533333333333336 0.68875 0.257 0.7295 0.257 0.74875 0.256 0.753 0.25433333333333336 0.75575 0.24566666666666667 0.75625 0.23866666666666667 0.7575 0.17933333333333334 0.75725 0.16833333333333333 0.75625 0.16433333333333333 0.753 0.16266666666666665 0.7425 0.16166666666666665 0.697 0.16366666666666665 0.69075 0.16566666666666666 0.6885 0.16833333333333333 0.68825 0.171
0 0.75825 0.168 0.75875 0.20466666666666666 0.758 0.22333333333333333 0.755 0.254 0.7555 0.25566666666666665 0.75775 0.257 0.76125 0.257 0.80975 0.25433333333333336 0.81775 0.25333333333333335 0.82175 0.25 0.8235 0.245 0.82425 0.23766666666666666 0.82625 0.17333333333333334 0.826 0.165 0.82425 0.16133333333333333 0.821 0.16 0.812 0.16 0.77375 0.16233333333333333 0.7605 0.16433333333333333 0.75825 0.168
0 0.4235 0.7856666666666666 0.42325 0.8373333333333334 0.424 0.8393333333333334 0.42525 0.8403333333333334 0.43525 0.842 0.47125 0.843 0.47725 0.8426666666666667 0.48075 0.841 0.48225 0.8386666666666667 0.48375 0.7843333333333333 0.48375 0.7713333333333333 0.483 0.7686666666666667 0.42525 0.7656666666666667 0.424 0.7686666666666667 0.4235 0.7856666666666666
0 0.55025 0.175 0.55025 0.19933333333333333 0.5525 0.259 0.55425 0.264 0.557 0.266 0.56075 0.266 0.56675 0.2643333333333333 0.61475 0.26066666666666666 0.6175 0.259 0.619 0.25066666666666665 0.61975 0.23166666666666666 0.6185 0.21966666666666668 0.619 0.199 0.61825 0.17466666666666666 0.618 0.172 0.616 0.16733333333333333 0.61275 0.166 0.608 0.166 0.5655 0.16966666666666666 0.55425 0.17166666666666666 0.55025 0.175
0 0.6245 0.3576666666666667 0.62325 0.35933333333333334 0.62425 0.4026666666666667 0.62525 0.43466666666666665 0.626 0.439 0.627 0.44033333333333335 0.62925 0.44166666666666665 0.6345 0.44166666666666665 0.65875 0.43833333333333335 0.6815 0.43666666666666665 0.68575 0.43566666666666665 0.69 0.43233333333333335 0.69125 0.42633333333333334 0.69125 0.4186666666666667 0.689 0.3606666666666667 0.68775 0.352 0.6865 0.35 0.6835 0.3486666666666667 0.678 0.3486666666666667 0.6475 0.35333333333333333 0.62925 0.355 0.6265 0.3556666666666667 0.6245 0.3576666666666667