0 0.67125 0.5356666666666666 0.67125 0.6406666666666667 0.67175 0.6473333333333333 0.6735 0.6516666666666666 0.678 0.653 0.698 0.6543333333333333 0.7455 0.654 0.762 0.6553333333333333 0.76525 0.6543333333333333 0.76925 0.6513333333333333 0.771 0.6436666666666667 0.7715 0.6223333333333333 0.77 0.6 0.77025 0.5386666666666666 0.76975 0.5293333333333333 0.7675 0.5256666666666666 0.763 0.5243333333333333 0.7465 0.5236666666666666 0.6785 0.523 0.67525 0.5236666666666666 0.6735 0.5256666666666666 0.67175 0.5303333333333333 0.67125 0.5356666666666666
0 0.77275 0.49833333333333335 0.7715 0.516 0.7715 0.53 0.77275 0.54 0.7715 0.6093333333333333 0.7725 0.6163333333333333 0.774 0.6203333333333333 0.7805 0.622 0.85375 0.6243333333333333 0.86575 0.624 0.86825 0.623 0.8705 0.6203333333333333 0.87175 0.6156666666666667 0.87225 0.607 0.87175 0.5083333333333333 0.871 0.5013333333333333 0.86875 0.496 0.86525 0.494 0.85675 0.49333333333333335 0.7805 0.492 0.77425 0.494 0.77275 0.49833333333333335
0 0.369 0.51 0.369 0.6103333333333333 0.37 0.6256666666666667 0.372 0.6296666666666667 0.37375 0.631 0.37675 0.6313333333333333 0.38975 0.6296666666666667 0.43925 0.6296666666666667 0.4545 0.6286666666666667 0.461 0.6273333333333333 0.46475 0.6233333333333333 0.464 0.5126666666666667 0.4635 0.5046666666666667 0.462 0.5016666666666667 0.45925 0.5003333333333333 0.453 0.5 0.38625 0.503 0.3765 0.5026666666666667 0.3725 0.5043333333333333 0.36975 0.5073333333333333 0.369 0.51
0 0.66525 0.6626666666666666 0.665 0.7766666666666666 0.66575 0.783 0.66775 0.786 0.67175 0.788 0.67775 0.7886666666666666 0.697 0.7883333333333333 0.7465 0.7903333333333333 0.75875 0.7903333333333333 0.76225 0.7893333333333333 0.76475 0.7863333333333333 0.766 0.781 0.7665 0.773 0.766 0.7226666666666667 0.765 0.6683333333333333 0.76425 0.6616666666666666 0.763 0.6593333333333333 0.75825 0.6563333333333333 0.75275 0.6556666666666666 0.699 0.656 0.67475 0.6546666666666666 0.6675 0.6563333333333333 0.666 0.6583333333333333 0.66525 0.6626666666666666
0 0.278 0.37966666666666665 0.27925 0.48433333333333334 0.2795 0.488 0.282 0.49566666666666664 0.28775 0.498 0.29775 0.49866666666666665 0.34725 0.495 0.3665 0.49466666666666664 0.37 0.49433333333333335 0.37375 0.492 0.37425 0.462 0.372 0.4046666666666667 0.37275 0.376 0.37225 0.373 0.37025 0.36933333333333335 0.366 0.36733333333333335 0.35675 0.367 0.32175 0.37033333333333335 0.288 0.372 0.28375 0.37266666666666665 0.28075 0.37433333333333335 0.27875 0.37666666666666665 0.278 0.37966666666666665
0 0.183 0.4013333333333333 0.18275 0.4786666666666667 0.1835 0.484 0.18575 0.4876666666666667 0.197 0.49033333333333334 0.21825 0.49066666666666664 0.2725 0.48966666666666664 0.27725 0.48733333333333334 0.278 0.48433333333333334 0.278 0.475 0.277 0.396 0.27825 0.372 0.27775 0.36933333333333335 0.27575 0.36633333333333334 0.269 0.36333333333333334 0.26075 0.363 0.1985 0.36466666666666664 0.189 0.366 0.1855 0.369 0.1845 0.37266666666666665 0.183 0.4013333333333333
0 0.67725 0.30933333333333335 0.67725 0.35233333333333333 0.67575 0.37666666666666665 0.67625 0.38 0.67825 0.38333333333333336 0.68675 0.385 0.758 0.3883333333333333 0.76825 0.38766666666666666 0.77225 0.384 0.77375 0.37933333333333336 0.7745 0.37266666666666665 0.77675 0.2816666666666667 0.77625 0.26566666666666666 0.77375 0.261 0.7655 0.25833333333333336 0.70875 0.256 0.69175 0.25566666666666665 0.6825 0.25766666666666665 0.68025 0.26033333333333336 0.67875 0.2673333333333333 0.67725 0.30933333333333335
0 0.567 0.5323333333333333 0.56775 0.5896666666666667 0.56675 0.62 0.569 0.6336666666666667 0.571 0.6353333333333333 0.57975 0.6366666666666667 0.618 0.6363333333333333 0.643 0.6373333333333333 0.6595 0.6373333333333333 0.6615 0.637 0.665 0.6343333333333333 0.6665 0.6203333333333333 0.66625 0.5223333333333333 0.6655 0.5136666666666667 0.66425 0.5103333333333333 0.6615 0.5083333333333333 0.65625 0.5073333333333333 0.5815 0.507 0.57275 0.508 0.571 0.5086666666666667 0.56925 0.511 0.56775 0.5156666666666667 0.567 0.5323333333333333
0 0.4655 0.5046666666666667 0.4655 0.5536666666666666 0.46625 0.5616666666666666 0.4655 0.5803333333333334 0.46625 0.5953333333333334 0.46575 0.6133333333333333 0.46625 0.6203333333333333 0.468 0.6243333333333333 0.47025 0.6263333333333333 0.47375 0.627 0.55025 0.6263333333333333 0.5575 0.6256666666666667 0.56175 0.6233333333333333 0.563 0.6193333333333333 0.56325 0.6143333333333333 0.56275 0.5343333333333333 0.562 0.5106666666666667 0.56125 0.5026666666666667 0.56025 0.5 0.5575 0.49766666666666665 0.5515 0.49666666666666665 0.47625 0.49766666666666665 0.4705 0.49866666666666665 0.467 0.5013333333333333 0.4655 0.5046666666666667
0 0.48175 0.323 0.481 0.36033333333333334 0.482 0.36966666666666664 0.4845 0.37333333333333335 0.48925 0.375 0.51325 0.37533333333333335 0.54175 0.37733333333333335 0.568 0.378 0.57325 0.37666666666666665 0.576 0.37333333333333335 0.57675 0.36666666666666664 0.57675 0.344 0.5795 0.2783333333333333 0.5795 0.25433333333333336 0.57775 0.252 0.57525 0.25066666666666665 0.56 0.249 0.49925 0.24733333333333332 0.48775 0.24866666666666667 0.485 0.25166666666666665 0.484 0.257 0.48175 0.323
0 0.58025 0.26166666666666666 0.579 0.33066666666666666 0.57725 0.36433333333333334 0.57725 0.36966666666666664 0.57925 0.37466666666666665 0.5815 0.37633333333333335 0.588 0.377 0.659 0.38 0.6675 0.38 0.6715 0.37833333333333335 0.673 0.37666666666666665 0.6755 0.35633333333333334 0.676 0.30266666666666664 0.67775 0.267 0.67725 0.25833333333333336 0.67525 0.25433333333333336 0.67125 0.252 0.6615 0.25066666666666665 0.592 0.24866666666666667 0.58575 0.24966666666666668 0.58325 0.25133333333333335 0.581 0.255 0.58025 0.26166666666666666
0 0.37375 0.37966666666666665 0.37375 0.4093333333333333 0.37575 0.4623333333333333 0.3755 0.49166666666666664 0.379 0.49933333333333335 0.394 0.5003333333333333 0.4625 0.497 0.468 0.49533333333333335 0.47075 0.49233333333333335 0.4715 0.4876666666666667 0.4715 0.4723333333333333 0.47025 0.42533333333333334 0.469 0.3903333333333333 0.468 0.375 0.467 0.37166666666666665 0.46375 0.369 0.45575 0.36866666666666664 0.4025 0.373 0.38675 0.37333333333333335 0.37725 0.37533333333333335 0.37375 0.37966666666666665
0 0.3675 0.6463333333333333 0.3675 0.7316666666666667 0.36825 0.755 0.37 0.7606666666666667 0.37275 0.7626666666666667 0.37675 0.7633333333333333 0.44675 0.762 0.45975 0.7606666666666667 0.4635 0.758 0.46475 0.7536666666666667 0.46525 0.7473333333333333 0.46525 0.6953333333333334 0.464 0.664 0.464 0.641 0.4635 0.6356666666666667 0.46175 0.6323333333333333 0.45975 0.6306666666666667 0.44775 0.63 0.375 0.6326666666666667 0.36975 0.635 0.3675 0.6463333333333333
0 0.67175 0.439 0.67225 0.46166666666666667 0.6715 0.506 0.672 0.5146666666666667 0.674 0.5196666666666667 0.682 0.521 0.76375 0.5226666666666666 0.766 0.522 0.769 0.5186666666666667 0.7705 0.5123333333333333 0.7705 0.49966666666666665 0.77125 0.49466666666666664 0.7715 0.4083333333333333 0.7705 0.4 0.76925 0.3963333333333333 0.76725 0.394 0.761 0.3923333333333333 0.74125 0.392 0.68375 0.39166666666666666 0.67675 0.393 0.674 0.396 0.67275 0.402 0.67175 0.439