0 0.7326666666666667 0.3005 0.7326666666666667 0.30775 0.7343333333333333 0.3095 0.738 0.31075 0.755 0.31325 0.7833333333333333 0.31575 0.7953333333333333 0.3165 0.804 0.31575 0.808 0.31175 0.8096666666666666 0.3065 0.8116666666666666 0.2805 0.811 0.2685 0.8073333333333333 0.2665 0.7863333333333333 0.26375 0.7773333333333333 0.2635 0.7526666666666667 0.26075 0.7446666666666667 0.2605 0.7406666666666667 0.2615 0.7376666666666667 0.26425 0.7366666666666667 0.268 0.7326666666666667 0.3005
0 0.39366666666666666 0.31525 0.393 0.3255 0.394 0.32725 0.40066666666666667 0.327 0.408 0.32875 0.433 0.3305 0.43533333333333335 0.33125 0.455 0.331 0.4673333333333333 0.333 0.4703333333333333 0.33025 0.4706666666666667 0.32875 0.475 0.29675 0.47433333333333333 0.28775 0.4703333333333333 0.28475 0.44666666666666666 0.28375 0.44266666666666665 0.28175 0.43566666666666665 0.28125 0.432 0.27875 0.4036666666666667 0.28275 0.4003333333333333 0.284 0.39766666666666667 0.28625 0.3973333333333333 0.29675 0.39366666666666666 0.31525
0 0.41433333333333333 0.92 0.4146666666666667 0.929 0.41833333333333333 0.93175 0.4826666666666667 0.93475 0.498 0.9365 0.508 0.936 0.511 0.93175 0.5126666666666667 0.916 0.5153333333333333 0.8745 0.515 0.867 0.5133333333333333 0.8635 0.51 0.86175 0.504 0.8605 0.49133333333333334 0.8595 0.472 0.85975 0.436 0.8575 0.42833333333333334 0.8575 0.4236666666666667 0.859 0.422 0.86025 0.4206666666666667 0.86325 0.41433333333333333 0.92
0 0.276 0.484 0.27566666666666667 0.5265 0.27666666666666667 0.533 0.2793333333333333 0.5365 0.286 0.53775 0.31533333333333335 0.53825 0.3526666666666667 0.53675 0.3556666666666667 0.5365 0.358 0.535 0.3596666666666667 0.52975 0.3606666666666667 0.5045 0.36 0.48425 0.359 0.4805 0.3576666666666667 0.4795 0.3526666666666667 0.47825 0.341 0.47775 0.2866666666666667 0.47825 0.2783333333333333 0.48 0.277 0.481 0.276 0.484
0 0.7063333333333334 0.44275 0.7063333333333334 0.4505 0.7083333333333334 0.453 0.714 0.45475 0.7283333333333334 0.4565 0.7546666666666667 0.45825 0.7713333333333333 0.4605 0.7776666666666666 0.4605 0.7833333333333333 0.45875 0.786 0.45625 0.7876666666666666 0.44975 0.7903333333333333 0.41475 0.7893333333333333 0.40775 0.787 0.406 0.78 0.404 0.7233333333333334 0.399 0.7163333333333334 0.399 0.7136666666666667 0.4 0.711 0.40425 0.71 0.4095 0.7063333333333334 0.44275
0 0.446 0.5175 0.44566666666666666 0.5365 0.44666666666666666 0.53725 0.4796666666666667 0.539 0.48433333333333334 0.54 0.5083333333333333 0.54025 0.5243333333333333 0.5415 0.526 0.54025 0.5266666666666666 0.5365 0.5286666666666666 0.4905 0.5263333333333333 0.48825 0.5223333333333333 0.48675 0.48733333333333334 0.48575 0.4646666666666667 0.4835 0.45666666666666667 0.48425 0.44966666666666666 0.4865 0.446 0.5175
0 0.39566666666666667 0.27225 0.3953333333333333 0.27975 0.3963333333333333 0.28275 0.39766666666666667 0.28375 0.4053333333333333 0.28175 0.42833333333333334 0.28 0.43666666666666665 0.2805 0.449 0.2835 0.4696666666666667 0.28375 0.471 0.28275 0.4716666666666667 0.28 0.474 0.264 0.47533333333333333 0.24425 0.47433333333333333 0.24275 0.4706666666666667 0.24075 0.456 0.23925 0.44433333333333336 0.2365 0.439 0.23425 0.42866666666666664 0.2355 0.4216666666666667 0.235 0.4046666666666667 0.2365 0.40066666666666667 0.2415 0.39566666666666667 0.27225
0 0.42833333333333334 0.7445 0.42533333333333334 0.77825 0.42533333333333334 0.78375 0.427 0.7865 0.4693333333333333 0.788 0.478 0.7875 0.504 0.7895 0.51 0.79075 0.5156666666666667 0.79025 0.5173333333333333 0.78375 0.5206666666666667 0.73775 0.5206666666666667 0.73 0.5186666666666667 0.726 0.512 0.72425 0.5 0.723 0.4836666666666667 0.7225 0.466 0.72075 0.45966666666666667 0.721 0.4503333333333333 0.71975 0.43566666666666665 0.72 0.432 0.72375 0.431 0.72675 0.42833333333333334 0.7445
0 0.438 0.678 0.435 0.711 0.43566666666666665 0.71825 0.439 0.71925 0.4493333333333333 0.719 0.458 0.72025 0.46366666666666667 0.72025 0.4666666666666667 0.71925 0.472 0.7195 0.484 0.72125 0.5053333333333333 0.7225 0.5183333333333333 0.72475 0.5223333333333333 0.72275 0.525 0.70975 0.5273333333333333 0.67725 0.5273333333333333 0.668 0.526 0.6645 0.5223333333333333 0.66125 0.514 0.66025 0.503 0.66075 0.4816666666666667 0.659 0.47533333333333333 0.65925 0.4643333333333333 0.65775 0.4493333333333333 0.6575 0.44266666666666665 0.6595 0.441 0.661 0.438 0.678
0 0.37633333333333335 0.46575 0.376 0.47825 0.37666666666666665 0.47975 0.37933333333333336 0.4805 0.387 0.48025 0.397 0.48175 0.41633333333333333 0.48275 0.43066666666666664 0.4825 0.439 0.48325 0.44233333333333336 0.4845 0.4493333333333333 0.484 0.4553333333333333 0.48225 0.45666666666666667 0.48125 0.4583333333333333 0.47725 0.459 0.47225 0.4613333333333333 0.4385 0.4613333333333333 0.43525 0.46 0.4325 0.457 0.431 0.4533333333333333 0.4305 0.42433333333333334 0.4305 0.41833333333333333 0.42825 0.4146666666666667 0.42875 0.395 0.42675 0.384 0.42775 0.38 0.4335 0.379 0.44825 0.37633333333333335 0.46575
0 0.21366666666666667 0.26075 0.21333333333333335 0.26575 0.21433333333333332 0.269 0.21666666666666667 0.271 0.22166666666666668 0.2725 0.2733333333333333 0.27825 0.2866666666666667 0.2785 0.29 0.27575 0.294 0.264 0.3006666666666667 0.23875 0.301 0.23075 0.2976666666666667 0.22825 0.293 0.227 0.23533333333333334 0.22075 0.23066666666666666 0.221 0.22666666666666666 0.2235 0.22366666666666668 0.22925 0.21366666666666667 0.26075
0 0.4053333333333333 0.22375 0.4046666666666667 0.2325 0.4053333333333333 0.23475 0.4076666666666667 0.23625 0.443 0.23625 0.446 0.23675 0.452 0.2395 0.466 0.24 0.4703333333333333 0.24075 0.4736666666666667 0.2435 0.477 0.243 0.479 0.23875 0.4806666666666667 0.22975 0.4836666666666667 0.20475 0.483 0.1995 0.48133333333333334 0.19775 0.47533333333333333 0.196 0.459 0.19525 0.437 0.193 0.4146666666666667 0.1925 0.4116666666666667 0.194 0.41 0.196 0.4053333333333333 0.22375
0 0.36133333333333334 0.511 0.36 0.53325 0.3606666666666667 0.5365 0.3626666666666667 0.53825 0.36966666666666664 0.54 0.39166666666666666 0.54125 0.42766666666666664 0.5425 0.43933333333333335 0.54175 0.44166666666666665 0.53975 0.44233333333333336 0.537 0.444 0.5065 0.44633333333333336 0.48775 0.439 0.48425 0.434 0.48375 0.413 0.48325 0.399 0.4815 0.36966666666666664 0.4815 0.367 0.48275 0.365 0.485 0.36133333333333334 0.511
0 0.38466666666666666 0.41125 0.38366666666666666 0.42425 0.38433333333333336 0.42575 0.38666666666666666 0.427 0.3913333333333333 0.4265 0.4106666666666667 0.42825 0.416 0.428 0.43166666666666664 0.43025 0.43833333333333335 0.4295 0.447 0.42975 0.453 0.43025 0.46 0.4325 0.4633333333333333 0.42875 0.4643333333333333 0.424 0.468 0.39075 0.4673333333333333 0.3835 0.46366666666666667 0.381 0.45 0.379 0.438 0.37925 0.415 0.3775 0.4036666666666667 0.3775 0.394 0.3785 0.39 0.38025 0.389 0.3825 0.38466666666666666 0.41125
0 0.387 0.35325 0.38533333333333336 0.37675 0.38766666666666666 0.37925 0.391 0.37975 0.397 0.377 0.4003333333333333 0.3765 0.411 0.3765 0.4186666666666667 0.37775 0.429 0.37675 0.43566666666666665 0.379 0.4483333333333333 0.37875 0.46166666666666667 0.37975 0.4633333333333333 0.37925 0.465 0.373 0.469 0.33475 0.467 0.33325 0.46266666666666667 0.33325 0.4543333333333333 0.3315 0.439 0.333 0.43266666666666664 0.331 0.4216666666666667 0.3305 0.411 0.3285 0.395 0.3285 0.39266666666666666 0.3295 0.3903333333333333 0.3335 0.387 0.35325
0 0.43933333333333335 0.57925 0.439 0.59575 0.44233333333333336 0.59825 0.446 0.598 0.4523333333333333 0.59575 0.46266666666666667 0.595 0.4703333333333333 0.59625 0.483 0.5965 0.48966666666666664 0.5975 0.49933333333333335 0.59675 0.5186666666666667 0.59825 0.5223333333333333 0.59775 0.524 0.59575 0.5273333333333333 0.55525 0.527 0.5465 0.5256666666666666 0.544 0.5226666666666666 0.5425 0.5063333333333333 0.541 0.491 0.54075 0.4876666666666667 0.5425 0.4786666666666667 0.53975 0.474 0.53925 0.454 0.538 0.44633333333333336 0.53875 0.443 0.54825 0.43933333333333335 0.57925
0 0.44633333333333336 0.5145 0.446 0.51075 0.446 0.52075 0.44633333333333336 0.5145
0 0.441 0.64125 0.44066666666666665 0.6545 0.44233333333333336 0.6575 0.46 0.6565 0.4766666666666667 0.6585 0.512 0.65925 0.5256666666666666 0.66075 0.5273333333333333 0.658 0.5293333333333333 0.64675 0.5313333333333333 0.60675 0.5303333333333333 0.6015 0.5253333333333333 0.5995 0.5086666666666667 0.59825 0.48633333333333334 0.59825 0.464 0.59625 0.4553333333333333 0.59625 0.44866666666666666 0.59725 0.446 0.59875 0.445 0.60125 0.445 0.6085 0.441 0.64125
0 0.3626666666666667 0.524 0.363 0.5365 0.3636666666666667 0.53575 0.3626666666666667 0.524
0 0.42 0.84125 0.4196666666666667 0.85325 0.4216666666666667 0.85675 0.43 0.8565 0.455 0.8585 0.494 0.8585 0.5083333333333333 0.86075 0.512 0.86025 0.514 0.85575 0.5156666666666667 0.8355 0.5173333333333333 0.80625 0.5173333333333333 0.7965 0.516 0.79325 0.5123333333333333 0.79175 0.49133333333333334 0.7895 0.4776666666666667 0.78875 0.4663333333333333 0.78925 0.444 0.78725 0.428 0.788 0.42533333333333334 0.794 0.42 0.84125