0 0.4355 0.658 0.436 0.6913333333333334 0.43525 0.703 0.43575 0.7066666666666667 0.43725 0.71 0.442 0.7113333333333334 0.4675 0.7133333333333334 0.47725 0.713 0.48 0.7103333333333334 0.48 0.6946666666666667 0.482 0.6713333333333333 0.482 0.657 0.48075 0.6533333333333333 0.4785 0.6523333333333333 0.4635 0.6523333333333333 0.44 0.6503333333333333 0.43775 0.6523333333333333 0.4355 0.658
0 0.22 0.48966666666666664 0.21975 0.5086666666666667 0.221 0.512 0.2225 0.513 0.25475 0.5173333333333333 0.2625 0.5176666666666667 0.2655 0.5166666666666667 0.26675 0.5133333333333333 0.267 0.486 0.268 0.4726666666666667 0.26725 0.463 0.26575 0.45966666666666667 0.26225 0.458 0.24625 0.4563333333333333 0.229 0.453 0.224 0.454 0.2225 0.45666666666666667 0.22175 0.462 0.22 0.48966666666666664
0 0.26025 0.36866666666666664 0.25975 0.394 0.262 0.39766666666666667 0.2655 0.3993333333333333 0.28025 0.398 0.28875 0.39966666666666667 0.30175 0.4 0.30375 0.4 0.30725 0.39766666666666667 0.3085 0.3476666666666667 0.30825 0.345 0.3065 0.3416666666666667 0.2995 0.34 0.28475 0.3396666666666667 0.279 0.3383333333333333 0.26275 0.3383333333333333 0.261 0.342 0.26025 0.36866666666666664
0 0.3975 0.5863333333333334 0.39675 0.605 0.394 0.6316666666666667 0.39425 0.6376666666666667 0.39725 0.641 0.4045 0.641 0.41925 0.644 0.43075 0.645 0.4375 0.6436666666666667 0.439 0.6376666666666667 0.44225 0.5883333333333334 0.439 0.586 0.412 0.5833333333333334 0.40575 0.5813333333333334 0.401 0.5813333333333334 0.39825 0.584 0.3975 0.5863333333333334
0 0.2675 0.477 0.26775 0.5013333333333333 0.267 0.5156666666666667 0.268 0.517 0.3 0.5193333333333333 0.30875 0.5193333333333333 0.31075 0.5183333333333333 0.31225 0.5056666666666667 0.31175 0.479 0.3125 0.4696666666666667 0.314 0.4646666666666667 0.3135 0.46266666666666667 0.31075 0.46066666666666667 0.29825 0.45966666666666667 0.28425 0.45866666666666667 0.26875 0.4593333333333333 0.26775 0.46 0.2675 0.477
0 0.402 0.5326666666666666 0.402 0.544 0.39975 0.5733333333333334 0.39975 0.578 0.401 0.5796666666666667 0.4145 0.5826666666666667 0.4345 0.5853333333333334 0.44 0.5856666666666667 0.4425 0.5843333333333334 0.4445 0.5743333333333334 0.4465 0.5503333333333333 0.4475 0.5336666666666666 0.44675 0.529 0.443 0.5276666666666666 0.40525 0.5243333333333333 0.40425 0.525 0.402 0.5326666666666666
0 0.699 0.74 0.698 0.7693333333333333 0.699 0.7723333333333333 0.702 0.7756666666666666 0.737 0.7806666666666666 0.741 0.7806666666666666 0.74225 0.779 0.74375 0.773 0.74625 0.7463333333333333 0.7465 0.731 0.7475 0.7276666666666667 0.74575 0.7233333333333334 0.74075 0.7216666666666667 0.727 0.721 0.71425 0.7186666666666667 0.7035 0.7186666666666667 0.7025 0.7193333333333334 0.701 0.7233333333333334 0.699 0.74
0 0.40325 0.5006666666666667 0.403 0.5153333333333333 0.40425 0.523 0.41675 0.5236666666666666 0.441 0.5273333333333333 0.44575 0.527 0.4475 0.5233333333333333 0.449 0.4703333333333333 0.44625 0.4683333333333333 0.4075 0.4643333333333333 0.40475 0.467 0.4045 0.469 0.40325 0.5006666666666667
0 0.265 0.4073333333333333 0.26425 0.45066666666666666 0.26575 0.45666666666666667 0.26875 0.45866666666666667 0.272 0.45766666666666667 0.284 0.45766666666666667 0.30825 0.4593333333333333 0.31175 0.45766666666666667 0.3135 0.4126666666666667 0.3125 0.4033333333333333 0.30725 0.4003333333333333 0.27175 0.399 0.2665 0.401 0.265 0.4073333333333333
0 0.7425 0.7756666666666666 0.74225 0.7793333333333333 0.743 0.7823333333333333 0.748 0.7856666666666666 0.779 0.7916666666666666 0.78475 0.7906666666666666 0.787 0.7853333333333333 0.789 0.761 0.7915 0.7456666666666667 0.79175 0.7396666666666667 0.79075 0.7356666666666667 0.78875 0.7333333333333333 0.7815 0.7306666666666667 0.7545 0.726 0.74775 0.7263333333333334 0.747 0.73 0.74575 0.759 0.7425 0.7756666666666666
0 0.3925 0.675 0.392 0.696 0.39375 0.6993333333333334 0.3975 0.701 0.42525 0.703 0.43225 0.7026666666666667 0.435 0.6993333333333334 0.435 0.6643333333333333 0.4355 0.6576666666666666 0.4375 0.651 0.43725 0.6473333333333333 0.43575 0.6456666666666667 0.41825 0.6446666666666667 0.40225 0.6416666666666667 0.39625 0.642 0.39475 0.6436666666666667 0.394 0.648 0.3925 0.675
0 0.48175 0.659 0.48175 0.682 0.48025 0.703 0.4805 0.707 0.482 0.7103333333333334 0.48375 0.7113333333333334 0.5105 0.713 0.52 0.713 0.52325 0.7113333333333334 0.52475 0.7036666666666667 0.52425 0.6933333333333334 0.526 0.6693333333333333 0.526 0.659 0.5245 0.6543333333333333 0.5195 0.6526666666666666 0.486 0.6503333333333333 0.48375 0.651 0.48225 0.6533333333333333 0.48175 0.659
0 0.25675 0.601 0.25625 0.6313333333333333 0.2565 0.6336666666666667 0.258 0.6363333333333333 0.26175 0.638 0.2985 0.6386666666666667 0.3015 0.6373333333333333 0.303 0.6343333333333333 0.30475 0.6146666666666667 0.30475 0.588 0.3035 0.5806666666666667 0.29825 0.5793333333333334 0.2755 0.579 0.26625 0.577 0.26075 0.5776666666666667 0.2585 0.5796666666666667 0.25675 0.601
0 0.698 0.6586666666666666 0.69725 0.6606666666666666 0.6975 0.6646666666666666 0.701 0.6733333333333333 0.699 0.6923333333333334 0.699 0.7146666666666667 0.703 0.718 0.70975 0.718 0.73325 0.7213333333333334 0.73825 0.7203333333333334 0.74 0.718 0.74125 0.7126666666666667 0.744 0.6756666666666666 0.74325 0.6646666666666666 0.741 0.6626666666666666 0.73725 0.6613333333333333 0.70525 0.6573333333333333 0.6995 0.6573333333333333 0.698 0.6586666666666666
0 0.31275 0.47333333333333333 0.31325 0.5006666666666667 0.31225 0.519 0.3135 0.5226666666666666 0.31775 0.5246666666666666 0.3325 0.525 0.345 0.5266666666666666 0.35575 0.5266666666666666 0.357 0.5253333333333333 0.35775 0.5226666666666666 0.35825 0.505 0.358 0.488 0.36 0.4716666666666667 0.35925 0.4683333333333333 0.353 0.4666666666666667 0.3175 0.4643333333333333 0.315 0.4663333333333333 0.31275 0.47333333333333333
0 0.262 0.5466666666666666 0.26175 0.5716666666666667 0.26325 0.576 0.265 0.577 0.27025 0.5766666666666667 0.28075 0.5786666666666667 0.3035 0.5793333333333334 0.30725 0.578 0.30875 0.5753333333333334 0.3095 0.5713333333333334 0.3105 0.5226666666666666 0.30725 0.5206666666666667 0.302 0.52 0.293 0.52 0.28525 0.5186666666666667 0.26575 0.5186666666666667 0.263 0.5223333333333333 0.262 0.5466666666666666
0 0.3585 0.487 0.35875 0.5043333333333333 0.3575 0.5256666666666666 0.35925 0.528 0.36475 0.5293333333333333 0.3925 0.531 0.39925 0.531 0.40175 0.5293333333333333 0.40275 0.5236666666666666 0.40225 0.5076666666666667 0.40375 0.4806666666666667 0.40275 0.47333333333333333 0.398 0.4716666666666667 0.373 0.4703333333333333 0.36275 0.4686666666666667 0.3605 0.4703333333333333 0.35925 0.4746666666666667 0.3585 0.487
0 0.52525 0.651 0.5265 0.664 0.5265 0.671 0.52475 0.6876666666666666 0.52475 0.6996666666666667 0.5255 0.704 0.52925 0.7056666666666667 0.55375 0.7076666666666667 0.564 0.7076666666666667 0.56575 0.7066666666666667 0.5675 0.7036666666666667 0.5685 0.6966666666666667 0.5695 0.657 0.568 0.6486666666666666 0.56525 0.647 0.529 0.6453333333333333 0.526 0.6473333333333333 0.52525 0.651
0 0.56875 0.643 0.56825 0.648 0.57 0.6576666666666666 0.56875 0.6923333333333334 0.5695 0.6986666666666667 0.57675 0.701 0.60925 0.7026666666666667 0.61075 0.7 0.6115 0.696 0.61275 0.6606666666666666 0.6135 0.6576666666666666 0.613 0.6473333333333333 0.61175 0.6446666666666667 0.60675 0.6426666666666667 0.5755 0.6403333333333333 0.571 0.641 0.56875 0.643
0 0.4495 0.47633333333333333 0.44975 0.49933333333333335 0.449 0.505 0.449 0.5183333333333333 0.44925 0.523 0.4505 0.5266666666666666 0.453 0.528 0.48825 0.528 0.4915 0.5276666666666666 0.49325 0.526 0.494 0.475 0.4935 0.4703333333333333 0.49275 0.4693333333333333 0.4525 0.4686666666666667 0.45 0.4703333333333333 0.4495 0.47633333333333333
0 0.60975 0.706 0.6095 0.71 0.6105 0.7146666666666667 0.61225 0.7166666666666667 0.615 0.7176666666666667 0.64275 0.72 0.65225 0.7193333333333334 0.6535 0.717 0.65625 0.686 0.6565 0.6696666666666666 0.65525 0.6633333333333333 0.65125 0.6603333333333333 0.62325 0.658 0.61575 0.658 0.61425 0.659 0.613 0.6613333333333333 0.612 0.6906666666666667 0.60975 0.706
0 0.656 0.6613333333333333 0.6575 0.6706666666666666 0.6575 0.6756666666666666 0.65425 0.7176666666666667 0.65725 0.7203333333333334 0.66075 0.721 0.68825 0.7233333333333334 0.69275 0.7233333333333334 0.6965 0.7216666666666667 0.69825 0.717 0.6985 0.6993333333333334 0.70075 0.676 0.6995 0.6683333333333333 0.6955 0.6643333333333333 0.68975 0.663 0.67625 0.6623333333333333 0.66675 0.6606666666666666 0.656 0.6613333333333333