0 0.23625 0.22966666666666666 0.23875 0.346 0.24025 0.35833333333333334 0.24275 0.3636666666666667 0.24925 0.36466666666666664 0.29125 0.362 0.3495 0.36133333333333334 0.3525 0.3586666666666667 0.354 0.344 0.3505 0.234 0.34925 0.223 0.34625 0.21633333333333332 0.34175 0.21366666666666667 0.331 0.21266666666666667 0.27225 0.214 0.24775 0.21666666666666667 0.2405 0.22 0.23775 0.224
0 0.23675 0.37733333333333335 0.2395 0.49333333333333335 0.241 0.5093333333333333 0.2435 0.5143333333333333 0.24975 0.5153333333333333 0.3465 0.512 0.3525 0.5106666666666667 0.35425 0.5086666666666667 0.3565 0.49866666666666665 0.35425 0.4073333333333333 0.3525 0.37033333333333335 0.35 0.36466666666666664 0.34325 0.362 0.31675 0.362 0.24425 0.36633333333333334 0.23975 0.369
0 0.24175 0.532 0.24275 0.6483333333333333 0.2445 0.661 0.2465 0.6656666666666666 0.26175 0.667 0.336 0.6646666666666666 0.35125 0.6633333333333333 0.35525 0.6606666666666666 0.3585 0.651 0.3595 0.6356666666666667 0.35725 0.5296666666666666 0.35625 0.5186666666666667 0.354 0.5146666666666667 0.341 0.5136666666666667 0.251 0.517 0.247 0.518 0.24425 0.5203333333333333
0 0.2405 0.6936666666666667 0.24075 0.7946666666666666 0.24225 0.812 0.24475 0.8176666666666667 0.24875 0.8196666666666667 0.25475 0.8203333333333334 0.33275 0.8183333333333334 0.34825 0.816 0.3525 0.814 0.354 0.8116666666666666 0.35575 0.8043333333333333 0.3565 0.7346666666666667 0.3565 0.6713333333333333 0.354 0.666 0.3515 0.665 0.24725 0.669 0.24475 0.67 0.24225 0.675
0 0.35875 0.715 0.3575 0.797 0.35825 0.8073333333333333 0.3615 0.8123333333333334 0.3675 0.8146666666666667 0.455 0.8166666666666667 0.464 0.8156666666666667 0.46875 0.8113333333333334 0.471 0.791 0.4745 0.6833333333333333 0.474 0.6716666666666666 0.4705 0.664 0.467 0.6626666666666666 0.43825 0.661 0.36925 0.6593333333333333 0.36475 0.6633333333333333 0.3605 0.6746666666666666 0.36 0.7024166666666667
0 0.474 0.737 0.472 0.807 0.473 0.8113333333333334 0.47625 0.8153333333333334 0.481 0.8173333333333334 0.494 0.8186666666666667 0.56825 0.8216666666666667 0.57775 0.82 0.5815 0.8146666666666667 0.584 0.7976666666666666 0.58825 0.6896666666666667 0.587 0.6753333333333333 0.582 0.669 0.57625 0.6673333333333333 0.5055 0.6636666666666666 0.48075 0.664 0.4765 0.6716666666666666
0 0.58775 0.6713333333333333 0.58775 0.7313333333333333 0.58625 0.7993333333333333 0.5875 0.8073333333333333 0.59075 0.8126666666666666 0.603 0.816 0.662 0.8166666666666667 0.68825 0.8156666666666667 0.69275 0.814 0.69625 0.8103333333333333 0.69725 0.8056666666666666 0.69825 0.7776666666666666 0.69925 0.681 0.69825 0.6746666666666666 0.69425 0.668 0.688 0.6646666666666666 0.68075 0.664 0.5985 0.6626666666666666 0.59075 0.6643333333333333
0 0.698 0.6646666666666666 0.6975 0.6686666666666666 0.699 0.6753333333333333 0.69875 0.8016666666666666 0.70025 0.807 0.7095 0.8106666666666666 0.7195 0.8113333333333334 0.792 0.8106666666666666 0.802 0.8073333333333333 0.80475 0.8006666666666666 0.806 0.7916666666666666 0.80725 0.7483333333333333 0.80775 0.685 0.80675 0.6743333333333333 0.8045 0.6676666666666666 0.80025 0.6646666666666666 0.70925 0.6626666666666666 0.7045 0.6613333333333333 0.6995 0.662
0 0.6995 0.584 0.6995 0.6473333333333333 0.70175 0.658 0.70325 0.6593333333333333 0.71675 0.662 0.80125 0.6633333333333333 0.80625 0.6603333333333333 0.8095 0.6543333333333333 0.81075 0.6423333333333333 0.81175 0.5446666666666666 0.81075 0.5293333333333333 0.80875 0.5226666666666666 0.807 0.5203333333333333 0.803 0.5186666666666667 0.73325 0.517 0.70425 0.5176666666666667 0.70175 0.522 0.7005 0.5353333333333333
0 0.69675 0.4073333333333333 0.696 0.494 0.697 0.505 0.69975 0.5126666666666667 0.70575 0.5153333333333333 0.783 0.5173333333333333 0.79975 0.5173333333333333 0.80375 0.5163333333333333 0.80575 0.5136666666666667 0.8075 0.5063333333333333 0.80875 0.48333333333333334 0.8095 0.404 0.808 0.38033333333333336 0.8055 0.376 0.79975 0.37366666666666665 0.769 0.371 0.7305 0.369 0.71325 0.369 0.7065 0.37033333333333335 0.70175 0.37266666666666665 0.6985 0.37933333333333336 0.69725 0.38666666666666666
0 0.6945 0.32666666666666666 0.694 0.346 0.695 0.355 0.69725 0.35933333333333334 0.70025 0.36133333333333334 0.78925 0.37066666666666664 0.8 0.36966666666666664 0.805 0.36 0.80675 0.3426666666666667 0.81125 0.254 0.81125 0.239 0.809 0.23066666666666666 0.80425 0.227 0.78925 0.224 0.71775 0.21466666666666667 0.71075 0.21533333333333332 0.70675 0.21766666666666667 0.7025 0.22366666666666668 0.69975 0.23666666666666666