0 0.19129042485732406 0.26324701195219125 0.09722891566265061 0.13332171314741034
0 0.5331325301204819 0.23929282868525897 0.08592263792010146 0.13197211155378485
0 0.19340519974635384 0.3954183266932271 0.09194673430564362 0.13844621513944222
0 0.2923272035510463 0.6536354581673307 0.08687381103360811 0.13794820717131473
0 0.6876981610653139 0.3690239043824701 0.0849714648065948 0.13147410358565736
0 0.844007609384908 0.48630478087649404 0.08750792644261256 0.13197211155378485
0 0.4586239695624604 0.5059760956175299 0.08909321496512365 0.1394422310756972
0 0.5369372225745086 0.49750996015936255 0.08148383005707038 0.13745019920318724
0 0.286144578313253 0.5221613545816733 0.08528852251109702 0.13794820717131473
0 0.11223842739378567 0.538097609561753 0.09194673430564362 0.1399402390438247
0 0.8470196575776792 0.7385458167330677 0.08592263792010146 0.13147410358565736
0 0.6165187064045656 0.499003984063745 0.07767913760304375 0.13147410358565736
0 0.20085605580215599 0.5273904382470119 0.08909321496512365 0.14243027888446216
0 0.6986366518706405 0.4972609561752988 0.08148383005707038 0.13197211155378485
0 0.5383639822447686 0.6247509960159362 0.08370323398858592 0.1349601593625498
0 0.5369372225745086 0.36752988047808766 0.08148383005707038 0.12649402390438247
0 0.690710209258085 0.6247509960159362 0.08402029169308814 0.1339641434262948
0 0.9270767279644896 0.6078187250996016 0.07926442612555486 0.1349601593625498
0 0.29359543436905516 0.7858565737051793 0.08433734939759036 0.13745019920318724
0 0.4641724793912492 0.7669322709163346 0.08433734939759036 0.1454183266932271
0 0.8470196575776792 0.6118027888446215 0.07958148383005707 0.12798804780876494
0 0.8474952441344324 0.8632968127490039 0.08750792644261256 0.13097609561752988
0 0.3803202282815472 0.7735806772908366 0.09037412809131262 0.15413844621513945
0 0.5449302473050095 0.7544571713147411 0.09034559289790742 0.1389292828685259
0 0.7707387444514902 0.62375 0.07896639188332276 0.13802788844621516