0 0.870674740484429 0.26211072664359863 0.8871107266435986 0.2635524798154556 0.889273356401384 0.26701268742791234 0.8903546712802768 0.29988465974625145 0.8849480968858131 0.3033448673587082 0.8626730103806228 0.3013264129181084 0.8592128027681661 0.29815455594002305 0.858780276816609 0.2655709342560554 0.8704584775086506 0.26211072664359863
0 0.534385813148789 0.47145328719723184 0.5365484429065744 0.473760092272203 0.5380622837370242 0.4870242214532872 0.5380622837370242 0.5092272202998847 0.532871972318339 0.5118223760092272 0.5123269896193772 0.5135524798154556 0.5080017301038062 0.5092272202998847 0.5082179930795848 0.473760092272203 0.5341695501730104 0.47145328719723184
0 0.6786332179930796 0.5643021914648212 0.6872837370242214 0.567762399077278 0.6881487889273357 0.6038062283737025 0.6864186851211073 0.6066897347174164 0.6589532871972318 0.6061130334486736 0.6557093425605537 0.6026528258362168 0.6565743944636678 0.5654555940023068 0.678416955017301 0.5643021914648212
0 0.33628892733564014 0.435121107266436 0.3492647058823529 0.43569780853517875 0.35445501730103807 0.4391580161476355 0.35358996539792387 0.4726066897347174 0.34969723183391005 0.4757785467128028 0.32612456747404844 0.4749134948096886 0.3213667820069204 0.470876585928489 0.32374567474048443 0.43569780853517875 0.3360726643598616 0.435121107266436
0 0.3306660899653979 0.3558246828143022 0.3486159169550173 0.3558246828143022 0.3583477508650519 0.35928489042675893 0.35748269896193774 0.3941753171856978 0.33499134948096887 0.3956170703575548 0.32850346020761245 0.3947520184544406 0.32698961937716264 0.39071510957324107 0.32763840830449825 0.36591695501730104 0.3306660899653979 0.35611303344867357
0 0.7281574394463668 0.4457900807381776 0.745242214532872 0.4478085351787774 0.7471885813148789 0.4815455594002307 0.7450259515570934 0.486159169550173 0.7153979238754326 0.48385236447520186 0.7138840830449827 0.44982698961937717 0.7169117647058824 0.44607843137254904 0.7279411764705882 0.4457900807381776
0 0.8410467128027682 0.3745674740484429 0.8583477508650519 0.3760092272202999 0.8622404844290658 0.37860438292964244 0.8637543252595156 0.4100346020761246 0.8605103806228374 0.4155132641291811 0.8384515570934256 0.4143598615916955 0.8341262975778547 0.4117647058823529 0.8339100346020761 0.3771626297577855 0.8408304498269896 0.3745674740484429
0 0.7275086505190311 0.25346020761245674 0.7387543252595156 0.2549019607843137 0.7411332179930796 0.2615340253748558 0.7389705882352942 0.2889273356401384 0.731401384083045 0.2918108419838524 0.7134515570934256 0.29123414071510956 0.7097750865051903 0.2869088811995386 0.7110726643598616 0.2549019607843137 0.7272923875432526 0.25346020761245674
0 0.17301038062283736 0.35726643598615915 0.1753892733564014 0.36303344867358706 0.17647058823529413 0.39071510957324107 0.17192906574394465 0.3933102652825836 0.15160034602076125 0.3947520184544406 0.1429498269896194 0.393598615916955 0.1416522491349481 0.3685121107266436 0.14359861591695502 0.35841983852364473 0.17279411764705882 0.35726643598615915
0 0.6790657439446367 0.2944059976931949 0.6825259515570934 0.29786620530565167 0.6840397923875432 0.3217993079584775 0.6840397923875432 0.33160322952710497 0.6792820069204152 0.3344867358708189 0.6544117647058824 0.33362168396770475 0.6524653979238755 0.31343713956170705 0.6524653979238755 0.29700115340253747 0.6541955017301038 0.2944059976931949 0.6788494809688581 0.2944059976931949
0 0.8393166089965398 0.6081314878892734 0.8432093425605537 0.6127450980392157 0.8458044982698962 0.6332179930795848 0.8455882352941176 0.6502306805074971 0.822015570934256 0.6519607843137255 0.817257785467128 0.6519607843137255 0.8148788927335641 0.6490772779700116 0.8129325259515571 0.6196655132641292 0.8105536332179931 0.6110149942329873 0.8391003460207612 0.6081314878892734
0 0.6554930795847751 0.18050749711649366 0.6753892733564014 0.18079584775086505 0.6788494809688581 0.1839677047289504 0.6801470588235294 0.20559400230680508 0.6788494809688581 0.21972318339100347 0.6660899653979239 0.21683967704728951 0.6509515570934256 0.2179930795847751 0.6492214532871973 0.18656286043829295 0.6552768166089965 0.18050749711649366
0 0.7677335640138409 0.36966551326412916 0.7737889273356401 0.3728373702422145 0.7735726643598616 0.4077277970011534 0.7696799307958477 0.40945790080738176 0.7480536332179931 0.4091695501730104 0.7435121107266436 0.40455594002306805 0.7428633217993079 0.3982122260668973 0.7437283737024222 0.36966551326412916 0.7675173010380623 0.36966551326412916
0 0.8713235294117647 0.1908881199538639 0.8871107266435986 0.19261822376009227 0.8903546712802768 0.19636678200692043 0.891219723183391 0.22260668973471742 0.8905709342560554 0.22779700115340254 0.8877595155709342 0.22895040369088812 0.8609429065743944 0.223760092272203 0.8613754325259516 0.19261822376009227 0.8711072664359861 0.1908881199538639
0 0.4126297577854671 0.24625144175317185 0.4208477508650519 0.24653979238754326 0.42236159169550175 0.24884659746251442 0.42301038062283736 0.2779700115340254 0.4186851211072664 0.28460207612456745 0.393598615916955 0.2831603229527105 0.391219723183391 0.27883506343713954 0.3916522491349481 0.25432525951557095 0.3938148788927336 0.24740484429065743 0.4124134948096886 0.24625144175317185
0 0.42301038062283736 0.5504613610149942 0.4472318339100346 0.5501730103806228 0.451340830449827 0.5544982698961938 0.44982698961937717 0.5922722029988466 0.421280276816609 0.5919838523644751 0.41825259515570934 0.589677047289504 0.41825259515570934 0.5643021914648212 0.41998269896193774 0.553921568627451 0.42301038062283736 0.5507497116493656
0 0.9288494809688581 0.8189158016147635 0.9329584775086506 0.8419838523644751 0.9338235294117647 0.8595732410611303 0.9303633217993079 0.8630334486735871 0.9139273356401384 0.8641868512110726 0.9044117647058824 0.8641868512110726 0.9009515570934256 0.8595732410611303 0.8992214532871973 0.8206459054209919 0.9286332179930796 0.8189158016147635
0 0.8129325259515571 0.26095732410611305 0.8282871972318339 0.26239907727797 0.8315311418685121 0.26701268742791234 0.8319636678200693 0.2984429065743945 0.8274221453287197 0.302479815455594 0.8066608996539792 0.3021914648212226 0.8001730103806228 0.29930795847750863 0.8003892733564014 0.263840830449827 0.8036332179930796 0.26095732410611305 0.8127162629757786 0.26095732410611305
0 0.47383217993079585 0.4331026528258362 0.4759948096885813 0.4359861591695502 0.4772923875432526 0.45040369088811993 0.47621107266435986 0.47116493656286046 0.46085640138408307 0.47433679354094577 0.4491782006920415 0.473760092272203 0.4461505190311419 0.4677047289504037 0.44744809688581316 0.43569780853517875 0.4736159169550173 0.4333910034602076
0 0.4461505190311419 0.2837370242214533 0.4476643598615917 0.28633217993079585 0.44658304498269896 0.3215109573241061 0.42625432525951557 0.32410611303344866 0.4180363321799308 0.3215109573241061 0.4180363321799308 0.28662053056516723 0.423659169550173 0.2837370242214533 0.4459342560553633 0.2837370242214533
0 0.4515570934256055 0.6337946943483276 0.47750865051903113 0.6346597462514417 0.47858996539792387 0.6626297577854672 0.47772491349480967 0.6761822376009228 0.44744809688581316 0.6753171856978085 0.44744809688581316 0.6369665513264129 0.4515570934256055 0.634083044982699
0 0.48875432525951557 0.7188581314878892 0.5086505190311419 0.7205882352941176 0.5108131487889274 0.7358708189158016 0.5097318339100346 0.7606689734717417 0.5058391003460208 0.7635524798154556 0.4898356401384083 0.763840830449827 0.48075259515570934 0.7632641291810842 0.47794117647058826 0.7589388696655133 0.479022491349481 0.723760092272203 0.48075259515570934 0.7194348327566321 0.48853806228373703 0.7188581314878892
0 0.47231833910034604 0.35726643598615915 0.4759948096885813 0.35841983852364473 0.47794117647058826 0.3627450980392157 0.4781574394463668 0.39071510957324107 0.4740484429065744 0.3953287197231834 0.4688581314878893 0.3956170703575548 0.44961072664359863 0.3953287197231834 0.4461505190311419 0.39215686274509803 0.4467993079584775 0.36591695501730104 0.44982698961937717 0.35813148788927335 0.47210207612456745 0.35726643598615915
0 0.2277249134948097 0.47145328719723184 0.23140138408304498 0.47635524798154555 0.2296712802768166 0.5103806228373703 0.20999134948096887 0.5126874279123415 0.20155709342560554 0.5118223760092272 0.19917820069204153 0.5089388696655133 0.19982698961937717 0.47606689734717417 0.22750865051903113 0.47145328719723184
0 0.4204152249134948 0.2093425605536332 0.44571799307958476 0.2107843137254902 0.4472318339100346 0.24019607843137256 0.44701557093425603 0.24509803921568626 0.44333910034602075 0.24711649365628605 0.41998269896193774 0.24653979238754326 0.41782006920415227 0.24134948096885814 0.41782006920415227 0.21885813148788927 0.41825259515570934 0.211361014994233 0.4204152249134948 0.20963091118800461
0 0.4742647058823529 0.4726066897347174 0.47750865051903113 0.49106113033448673 0.47750865051903113 0.5115340253748558 0.4578287197231834 0.515282583621684 0.44831314878892736 0.5126874279123415 0.4467993079584775 0.47722029988465975 0.44939446366782004 0.47433679354094577 0.4740484429065744 0.4726066897347174
0 0.3129325259515571 0.3546712802768166 0.3282871972318339 0.35697808535178777 0.3295847750865052 0.3615916955017301 0.3282871972318339 0.38321799307958476 0.32396193771626297 0.39158016147635527 0.3064446366782007 0.3924452133794694 0.29801038062283736 0.39215686274509803 0.2969290657439446 0.39013840830449825 0.298659169550173 0.35899653979238755 0.30038927335640137 0.3558246828143022 0.31271626297577854 0.3546712802768166
0 0.3187716262975779 0.43050749711649366 0.32331314878892736 0.43569780853517875 0.3222318339100346 0.45790080738177624 0.3202854671280277 0.4691464821222607 0.31444636678200694 0.47116493656286046 0.29238754325259514 0.46972318339100344 0.2926038062283737 0.4354094579008074 0.29411764705882354 0.43137254901960786 0.3185553633217993 0.43050749711649366
0 0.8001730103806228 0.6098615916955017 0.8116349480968859 0.6130334486735871 0.8150951557093425 0.6485005767012687 0.8133650519031141 0.6516724336793541 0.8079584775086506 0.6525374855824683 0.7895761245674741 0.6525374855824683 0.7858996539792388 0.6516724336793541 0.782871972318339 0.6473471741637832 0.7809256055363322 0.6127450980392157 0.7999567474048442 0.6098615916955017
0 0.9154411764705882 0.7283737024221453 0.9191176470588235 0.7321222606689735 0.9243079584775087 0.7696078431372549 0.8944636678200693 0.77479815455594 0.8901384083044983 0.7704728950403691 0.8862456747404844 0.7326989619377162 0.9152249134948097 0.7283737024221453
0 0.5971020761245674 0.1444636678200692 0.6208910034602076 0.1459054209919262 0.6215397923875432 0.1787773933102653 0.6200259515570934 0.18137254901960784 0.592128027681661 0.17964244521337946 0.5912629757785467 0.14763552479815456 0.596885813148789 0.1444636678200692
0 0.8038494809688581 0.18656286043829295 0.8295847750865052 0.18973471741637832 0.8282871972318339 0.22404844290657439 0.803416955017301 0.22549019607843138 0.801038062283737 0.223760092272203 0.8008217993079585 0.18915801614763553 0.8036332179930796 0.18685121107266436
0 0.7311851211072664 0.4864475201845444 0.745242214532872 0.48788927335640137 0.7469723183391004 0.5198961937716263 0.7448096885813149 0.5268166089965398 0.7169117647058824 0.52479815455594 0.7149653979238755 0.5227797001153403 0.7145328719723183 0.4881776239907728 0.7169117647058824 0.486159169550173 0.7309688581314879 0.4864475201845444
0 0.331098615916955 0.2808535178777393 0.333477508650519 0.28921568627450983 0.333477508650519 0.3042099192618224 0.33174740484429066 0.3160322952710496 0.32850346020761245 0.317762399077278 0.30038927335640137 0.3137254901960784 0.2990916955017301 0.3073817762399077 0.30038927335640137 0.28575547866205303 0.3036332179930796 0.27970011534025374 0.33088235294117646 0.2808535178777393
0 0.4740484429065744 0.3953287197231834 0.4757785467128028 0.39763552479815456 0.4749134948096886 0.432237600922722 0.45025951557093424 0.435121107266436 0.44809688581314877 0.4345444059976932 0.4463667820069204 0.42964244521337946 0.44506920415224915 0.4080161476355248 0.4463667820069204 0.39763552479815456 0.4504757785467128 0.3956170703575548 0.47383217993079585 0.3953287197231834
0 0.1656574394463668 0.473760092272203 0.17236159169550172 0.47722029988465975 0.17365916955017302 0.5115340253748558 0.1680363321799308 0.515282583621684 0.15116782006920415 0.5178777393310265 0.13992214532871972 0.5158592848904268 0.14013840830449828 0.4818339100346021 0.1448961937716263 0.47693194925028837 0.16544117647058823 0.473760092272203
0 0.8148788927335641 0.6983852364475202 0.8185553633217993 0.7107843137254902 0.8194204152249135 0.7381776239907728 0.8176903114186851 0.7410611303344867 0.8127162629757786 0.7413494809688581 0.7923875432525952 0.7413494809688581 0.7863321799307958 0.7381776239907728 0.784385813148789 0.6998269896193772 0.8146626297577855 0.6983852364475202
0 0.5051903114186851 0.509515570934256 0.5077854671280276 0.5147058823529411 0.509515570934256 0.5470011534025375 0.4820501730103806 0.5519031141868512 0.4781574394463668 0.5455594002306805 0.47750865051903113 0.5141291810841984 0.5049740484429066 0.509515570934256
0 0.41500865051903113 0.2825836216839677 0.418901384083045 0.28575547866205303 0.41782006920415227 0.31314878892733566 0.41544117647058826 0.3215109573241061 0.3899221453287197 0.3217993079584775 0.38819204152249137 0.3168973471741638 0.38775951557093424 0.2946943483275663 0.3879757785467128 0.28633217993079585 0.3905709342560554 0.28431372549019607 0.41500865051903113 0.2828719723183391
0 0.509083044982699 0.3999423298731257 0.5335207612456747 0.4008073817762399 0.5365484429065744 0.40282583621683965 0.5365484429065744 0.4359861591695502 0.5337370242214533 0.4405997693194925 0.5056228373702422 0.43858131487889274 0.5054065743944637 0.4080161476355248 0.5088667820069204 0.3999423298731257
0 0.41522491349480967 0.6317762399077278 0.4171712802768166 0.6335063437139562 0.41500865051903113 0.6536908881199539 0.41544117647058826 0.672722029988466 0.39251730103806226 0.6747404844290658 0.38711072664359863 0.6747404844290658 0.38494809688581316 0.6721453287197232 0.3866782006920415 0.6335063437139562 0.41500865051903113 0.6317762399077278
0 0.8972750865051903 0.6009227220299884 0.9041955017301038 0.6020761245674741 0.9072231833910035 0.6075547866205305 0.9111159169550173 0.6369665513264129 0.909385813148789 0.6421568627450981 0.8801903114186851 0.6456170703575548 0.8739186851211073 0.6098615916955017 0.8767301038062284 0.6032295271049596 0.8972750865051903 0.6012110726643599
0 0.4788062283737024 0.5542099192618224 0.4818339100346021 0.5602652825836217 0.48248269896193774 0.5919838523644751 0.47750865051903113 0.5951557093425606 0.45999134948096887 0.5965974625144176 0.4532871972318339 0.5960207612456747 0.45069204152249137 0.5922722029988466 0.45112456747404844 0.5573817762399077 0.4541522491349481 0.5550749711649365 0.47858996539792387 0.5542099192618224
0 0.77530276816609 0.1842560553633218 0.7977941176470589 0.18627450980392157 0.8014705882352942 0.18915801614763553 0.8019031141868512 0.19607843137254902 0.8012543252595156 0.2177047289504037 0.7993079584775087 0.223760092272203 0.7731401384083045 0.22260668973471742 0.7707612456747405 0.2174163783160323 0.7716262975778547 0.1914648212226067 0.7727076124567474 0.18569780853517878 0.77530276816609 0.1845444059976932
0 0.8698096885813149 0.610726643598616 0.8734861591695502 0.6127450980392157 0.8745674740484429 0.6245674740484429 0.8769463667820069 0.629757785467128 0.8784602076124568 0.6433102652825836 0.8769463667820069 0.6516724336793541 0.8520761245674741 0.654555940023068 0.846885813148789 0.6508073817762399 0.8445069204152249 0.6231257208765859 0.845371972318339 0.6124567474048442 0.8695934256055363 0.6110149942329873
0 0.8044982698961938 0.223760092272203 0.8250432525951558 0.2243367935409458 0.8295847750865052 0.22664359861591696 0.831098615916955 0.2554786620530565 0.828719723183391 0.2626874279123414 0.8001730103806228 0.2606689734717416 0.7990916955017301 0.2301038062283737 0.8006055363321799 0.22549019607843138 0.8042820069204152 0.223760092272203
0 0.44333910034602075 0.39590542099192616 0.44831314878892736 0.3993656286043829 0.4463667820069204 0.41032295271049596 0.4463667820069204 0.43281430219146483 0.4439878892733564 0.43569780853517875 0.4290657439446367 0.4362745098039216 0.4176038062283737 0.4348327566320646 0.416522491349481 0.39763552479815456 0.4431228373702422 0.39590542099192616
0 0.4102508650519031 0.43685121107266434 0.41695501730103807 0.43656286043829295 0.4208477508650519 0.4391580161476355 0.42063148788927335 0.47520184544405997 0.41544117647058826 0.47808535178777395 0.39424740484429066 0.4777970011534025 0.39013840830449825 0.4757785467128028 0.3892733564013841 0.470876585928489 0.3899221453287197 0.4417531718569781 0.3938148788927336 0.43829296424452135 0.4102508650519031 0.4371395617070358
0 0.5004325259515571 0.6326412918108419 0.5097318339100346 0.6352364475201846 0.5105968858131488 0.6479238754325259 0.509515570934256 0.6753171856978085 0.49978373702422146 0.6779123414071511 0.48032006920415227 0.6753171856978085 0.47858996539792387 0.6372549019607843 0.4809688581314879 0.6332179930795848 0.5002162629757786 0.6326412918108419
0 0.25951557093425603 0.4740484429065744 0.26146193771626297 0.5118223760092272 0.25908304498269896 0.5141291810841984 0.24459342560553632 0.5158592848904268 0.23421280276816608 0.5155709342560554 0.23032006920415224 0.510957324106113 0.2309688581314879 0.47722029988465975 0.24156574394463667 0.47433679354094577 0.2592993079584775 0.4740484429065744
0 0.4755622837370242 0.28460207612456745 0.47750865051903113 0.28921568627450983 0.47772491349480967 0.32324106113033446 0.4666955017301038 0.32497116493656286 0.45198961937716264 0.32497116493656286 0.4476643598615917 0.3220876585928489 0.4472318339100346 0.28633217993079585 0.44982698961937717 0.28431372549019607 0.47534602076124566 0.28460207612456745
0 0.47469723183391005 0.24682814302191464 0.4772923875432526 0.252883506343714 0.4772923875432526 0.28143021914648214 0.4740484429065744 0.28431372549019607 0.4532871972318339 0.2848904267589389 0.44874567474048443 0.28431372549019607 0.44658304498269896 0.27941176470588236 0.4467993079584775 0.2554786620530565 0.4485294117647059 0.25 0.453719723183391 0.24740484429065743 0.4744809688581315 0.24682814302191464
0 0.2078287197231834 0.4339677047289504 0.22794117647058823 0.4348327566320646 0.22988754325259517 0.4359861591695502 0.22988754325259517 0.44232987312572086 0.2281574394463668 0.46972318339100344 0.2069636678200692 0.4731833910034602 0.1996107266435986 0.4731833910034602 0.1976643598615917 0.47058823529411764 0.19658304498269896 0.4553056516724337 0.1980968858131488 0.43569780853517875 0.20761245674740483 0.4339677047289504
0 0.38559688581314877 0.28431372549019607 0.3892733564013841 0.28633217993079585 0.3890570934256055 0.31747404844290655 0.38689446366782004 0.3226643598615917 0.3819204152249135 0.32410611303344866 0.35899653979238755 0.32122260668973474 0.3585640138408305 0.29209919261822376 0.35964532871972316 0.28633217993079585 0.36288927335640137 0.2840253748558247 0.38538062283737023 0.28431372549019607
0 0.497621107266436 0.47029988465974626 0.5071366782006921 0.473760092272203 0.5069204152249135 0.5086505190311419 0.48486159169550175 0.5118223760092272 0.4805363321799308 0.5118223760092272 0.479022491349481 0.5092272202998847 0.47707612456747406 0.47433679354094577 0.4805363321799308 0.47145328719723184 0.49740484429065746 0.47029988465974626
0 0.8760813148788927 0.22606689734717417 0.888840830449827 0.2309688581314879 0.888840830449827 0.25980392156862747 0.8871107266435986 0.2644175317185698 0.8682958477508651 0.26211072664359863 0.8592128027681661 0.2644175317185698 0.8570501730103807 0.26211072664359863 0.858780276816609 0.22895040369088812 0.8622404844290658 0.22577854671280276 0.8758650519031141 0.22606689734717417
0 0.2735726643598616 0.3558246828143022 0.29736159169550175 0.35697808535178777 0.2984429065743945 0.35899653979238755 0.2960640138408305 0.3941753171856978 0.2913062283737024 0.39677047289504036 0.27530276816608995 0.396482122260669 0.26838235294117646 0.3941753171856978 0.2666522491349481 0.3872549019607843 0.268598615916955 0.35928489042675893 0.2735726643598616 0.35611303344867357
0 0.8600778546712803 0.8235294117647058 0.8646193771626297 0.8275663206459054 0.8676470588235294 0.8621683967704729 0.8674307958477508 0.8667820069204152 0.8602941176470589 0.8696655132641292 0.8347750865051903 0.8676470588235294 0.8321799307958477 0.8376585928489043 0.833044982698962 0.8246828143021915 0.8598615916955017 0.8235294117647058
0 0.7887110726643599 0.3699538638985006 0.8036332179930796 0.37341407151095735 0.8038494809688581 0.4080161476355248 0.8006055363321799 0.41061130334486734 0.7761678200692042 0.4097462514417532 0.773356401384083 0.4077277970011534 0.7737889273356401 0.37226066897347176 0.7884948096885813 0.3699538638985006
0 0.10813148788927336 0.41061130334486734 0.10942906574394463 0.44607843137254904 0.10294117647058823 0.44982698961937717 0.07698961937716263 0.447520184544406 0.07569204152249134 0.4380046136101499 0.07763840830449827 0.4158016147635525 0.08001730103806229 0.41147635524798154 0.08564013840830449 0.4097462514417532 0.10791522491349481 0.41061130334486734
0 0.7283737024221453 0.17993079584775087 0.7396193771626297 0.18108419838523646 0.7424307958477508 0.185121107266436 0.7415657439446367 0.21597462514417531 0.7376730103806228 0.21914648212226068 0.715614186851211 0.2185697808535179 0.7119377162629758 0.21539792387543252 0.7125865051903114 0.18166089965397925 0.7281574394463668 0.17993079584775087
0 0.3907871972318339 0.3575547866205306 0.41522491349480967 0.35784313725490197 0.41738754325259514 0.36418685121107264 0.4186851211072664 0.38437139561707034 0.41500865051903113 0.3993656286043829 0.38819204152249137 0.3956170703575548 0.3879757785467128 0.3624567474048443 0.3905709342560554 0.35784313725490197
0 0.3211505190311419 0.4731833910034602 0.32396193771626297 0.4913494809688581 0.32396193771626297 0.5086505190311419 0.32158304498269896 0.5106689734717417 0.2977941176470588 0.5121107266435986 0.29325259515570934 0.5115340253748558 0.29195501730103807 0.5089388696655133 0.29238754325259514 0.47433679354094577 0.3209342560553633 0.4731833910034602
0 0.6686851211072664 0.2537485582468281 0.6788494809688581 0.25403690888119956 0.6807958477508651 0.2566320645905421 0.6818771626297578 0.2897923875432526 0.6756055363321799 0.2944059976931949 0.654628027681661 0.2935409457900807 0.6505190311418685 0.2897923875432526 0.6509515570934256 0.2549019607843137 0.6684688581314879 0.2537485582468281
0 0.673659169550173 0.14042675893886966 0.6764705882352942 0.14273356401384082 0.678416955017301 0.1502306805074971 0.6807958477508651 0.17531718569780855 0.6747404844290658 0.18021914648212226 0.6596020761245674 0.18108419838523646 0.653114186851211 0.18050749711649366 0.6507352941176471 0.17704728950403692 0.6474913494809689 0.14734717416378315 0.654628027681661 0.14359861591695502 0.6734429065743944 0.14042675893886966
0 0.9251730103806228 0.7722029988465975 0.9301470588235294 0.8143021914648212 0.905060553633218 0.8189158016147635 0.8977076124567474 0.8166089965397924 0.895544982698962 0.8117070357554786 0.8927335640138409 0.776239907727797 0.9249567474048442 0.7722029988465975
0 0.8695934256055363 0.3004613610149942 0.8905709342560554 0.30392156862745096 0.8916522491349481 0.31228373702422146 0.8903546712802768 0.33938869665513266 0.861159169550173 0.3365051903114187 0.8585640138408305 0.330161476355248 0.8596453287197232 0.3036332179930796 0.8695934256055363 0.30074971164936565
0 0.16825259515570934 0.31718569780853517 0.17365916955017302 0.3206459054209919 0.17301038062283736 0.3538062283737024 0.15311418685121106 0.356401384083045 0.14424740484429066 0.356401384083045 0.14186851211072665 0.3526528258362168 0.14013840830449828 0.34515570934256057 0.14013840830449828 0.3206459054209919 0.14424740484429066 0.317762399077278 0.1680363321799308 0.31718569780853517
0 0.842128027681661 0.18858131487889274 0.8605103806228374 0.19290657439446368 0.8602941176470589 0.223760092272203 0.856401384083045 0.22895040369088812 0.8362889273356401 0.22750865051903113 0.8300173010380623 0.223760092272203 0.8313148788927336 0.1900230680507497 0.8419117647058824 0.18858131487889274
0 0.9571799307958477 0.8166089965397924 0.9606401384083045 0.8174740484429066 0.9632352941176471 0.8229527104959631 0.9669117647058824 0.8595732410611303 0.9610726643598616 0.8627450980392157 0.9429065743944637 0.8633217993079585 0.9355536332179931 0.8627450980392157 0.9336072664359861 0.8592848904267589 0.9303633217993079 0.8206459054209919 0.9355536332179931 0.817762399077278 0.9569636678200693 0.8166089965397924
0 0.5131920415224913 0.6337946943483276 0.5397923875432526 0.6349480968858131 0.5417387543252595 0.6577277970011534 0.5397923875432526 0.6761822376009228 0.5123269896193772 0.6770472895040369 0.5097318339100346 0.6681084198385236 0.5099480968858131 0.639273356401384 0.5131920415224913 0.634083044982699
0 0.808174740484429 0.37226066897347176 0.8300173010380623 0.3731257208765859 0.8347750865051903 0.3760092272202999 0.8354238754325259 0.3993656286043829 0.8341262975778547 0.41118800461361016 0.8319636678200693 0.4129181084198385 0.8044982698961938 0.41061130334486734 0.8036332179930796 0.3754325259515571 0.8040657439446367 0.3731257208765859 0.8079584775086506 0.37226066897347176
0 0.5069204152249135 0.10957324106113034 0.5084342560553633 0.11245674740484429 0.5084342560553633 0.14561707035755478 0.5060553633217993 0.14850057670126873 0.4809688581314879 0.14821222606689735 0.4805363321799308 0.11937716262975778 0.48075259515570934 0.11274509803921569 0.4844290657439446 0.10957324106113034 0.5067041522491349 0.10957324106113034
0 0.7383217993079585 0.2918108419838524 0.7426470588235294 0.2964244521337947 0.7432958477508651 0.3102652825836217 0.7424307958477508 0.3275663206459054 0.7383217993079585 0.3304498269896194 0.7130190311418685 0.3284313725490196 0.7110726643598616 0.3215109573241061 0.7119377162629758 0.29209919261822376 0.7381055363321799 0.2918108419838524
0 0.22642733564013842 0.5115340253748558 0.23140138408304498 0.5164359861591695 0.23161764705882354 0.5507497116493656 0.22837370242214533 0.553921568627451 0.2106401384083045 0.5544982698961938 0.1996107266435986 0.5542099192618224 0.19788062283737023 0.5516147635524798 0.19874567474048443 0.5161476355247981 0.20307093425605535 0.5132641291810842 0.22621107266435986 0.5115340253748558
0 0.7153979238754326 0.32987312572087657 0.7396193771626297 0.33246828143021917 0.7415657439446367 0.36649365628604386 0.7383217993079585 0.3682237600922722 0.7112889273356401 0.3662053056516724 0.7095588235294118 0.35697808535178777 0.7099913494809689 0.33189158016147635 0.715181660899654 0.32987312572087657
0 0.46842560553633217 0.209919261822376 0.47621107266435986 0.21424452133794694 0.47621107266435986 0.24596309111880046 0.4500432525951557 0.24798154555940022 0.4467993079584775 0.24509803921568626 0.44744809688581316 0.21309111880046136 0.44961072664359863 0.2107843137254902 0.46820934256055363 0.209919261822376
0 0.8747837370242214 0.37831603229527105 0.8907871972318339 0.379757785467128 0.8940311418685121 0.38350634371395614 0.8959775086505191 0.4137831603229527 0.8942474048442907 0.419838523644752 0.8689446366782007 0.41839677047289503 0.8639705882352942 0.4149365628604383 0.8641868512110726 0.379757785467128 0.8745674740484429 0.37831603229527105
0 0.8447231833910035 0.6929065743944637 0.8492647058823529 0.696078431372549 0.8538062283737025 0.7272202998846597 0.8527249134948097 0.7350057670126874 0.846885813148789 0.7381776239907728 0.8259083044982699 0.7399077277970012 0.8200692041522492 0.736159169550173 0.8166089965397924 0.698961937716263 0.8207179930795848 0.6943483275663207 0.8445069204152249 0.6929065743944637
0 0.7039359861591695 0.5666089965397924 0.7147491349480969 0.5666089965397924 0.7188581314878892 0.5712226066897347 0.7188581314878892 0.606401384083045 0.7141003460207612 0.6087081891580162 0.6879325259515571 0.6052479815455594 0.6866349480968859 0.567762399077278 0.703719723183391 0.5666089965397924
0 0.5802335640138409 0.10813148788927336 0.5919117647058824 0.10928489042675894 0.5940743944636678 0.11245674740484429 0.5947231833910035 0.14158016147635524 0.590614186851211 0.14648212226066898 0.583044982698962 0.14763552479815456 0.5681228373702422 0.14648212226066898 0.5657439446366782 0.14417531718569782 0.5679065743944637 0.12831603229527105 0.5676903114186851 0.10928489042675894 0.5800173010380623 0.10813148788927336
0 0.5023788927335641 0.3947520184544406 0.5064878892733564 0.4005190311418685 0.5051903114186851 0.43367935409457903 0.48918685121107264 0.4354094579008074 0.4757785467128028 0.43252595155709345 0.47534602076124566 0.3973471741637832 0.4801038062283737 0.3944636678200692 0.5021626297577855 0.3947520184544406
0 0.47794117647058826 0.11101499423298732 0.47988754325259514 0.11361014994232987 0.4811851211072664 0.12975778546712802 0.4805363321799308 0.14763552479815456 0.47794117647058826 0.1502306805074971 0.4530709342560554 0.14907727797001152 0.45069204152249137 0.1447520184544406 0.4532871972318339 0.11072664359861592 0.47772491349480967 0.11101499423298732
0 0.5108131487889274 0.5501730103806228 0.5121107266435986 0.5888119953863898 0.48810553633217996 0.5922722029988466 0.4833477508650519 0.5919838523644751 0.48226643598615915 0.589677047289504 0.4801038062283737 0.5573817762399077 0.481401384083045 0.5542099192618224 0.48788927335640137 0.551038062283737 0.5105968858131488 0.5501730103806228
0 0.763840830449827 0.10928489042675894 0.7711937716262975 0.11245674740484429 0.7724913494809689 0.14186851211072665 0.745242214532872 0.145040369088812 0.7417820069204152 0.14100346020761245 0.7422145328719724 0.1115916955017301 0.7448096885813149 0.10957324106113034 0.7636245674740484 0.10928489042675894
0 0.16825259515570934 0.27941176470588236 0.17301038062283736 0.28143021914648214 0.1749567474048443 0.2877739331026528 0.17474048442906576 0.3145905420991926 0.17257785467128028 0.31747404844290655 0.14424740484429066 0.3168973471741638 0.1425173010380623 0.31430219146482125 0.14143598615916955 0.29238754325259514 0.1429498269896194 0.28460207612456745 0.14705882352941177 0.2820069204152249 0.1680363321799308 0.27941176470588236
0 0.5919117647058824 0.18166089965397925 0.6195934256055363 0.18252595155709342 0.6213235294117647 0.2029988465974625 0.6198096885813149 0.21683967704728951 0.5919117647058824 0.21828143021914648 0.590181660899654 0.20559400230680508 0.5903979238754326 0.18540945790080737 0.5919117647058824 0.18194925028835063
0 0.7035034602076125 0.2508650519031142 0.7104238754325259 0.2549019607843137 0.7106401384083045 0.28344867358708187 0.7089100346020761 0.2897923875432526 0.6996107266435986 0.2909457900807382 0.6814446366782007 0.288638985005767 0.6803633217993079 0.2546136101499423 0.6820934256055363 0.25144175317185696 0.7032871972318339 0.2508650519031142
0 0.7205882352941176 0.6084198385236448 0.7476211072664359 0.6110149942329873 0.7504325259515571 0.6326412918108419 0.7482698961937716 0.6502306805074971 0.7195069204152249 0.6499423298731257 0.717128027681661 0.6473471741637832 0.7169117647058824 0.6124567474048442 0.7205882352941176 0.6087081891580162
0 0.36224048442906576 0.3558246828143022 0.38711072664359863 0.35726643598615915 0.38862456747404844 0.38033448673587084 0.3875432525951557 0.3944636678200692 0.38559688581314877 0.396482122260669 0.35726643598615915 0.3944636678200692 0.35726643598615915 0.35928489042675893 0.36224048442906576 0.35611303344867357
0 0.5475778546712803 0.1058246828143022 0.5644463667820069 0.10668973471741638 0.5670415224913494 0.10986159169550173 0.5674740484429066 0.11764705882352941 0.5648788927335641 0.145040369088812 0.5384948096885813 0.145040369088812 0.5387110726643599 0.1182237600922722 0.5367647058823529 0.10928489042675894 0.5475778546712803 0.1061130334486736
0 0.5990484429065744 0.10841983852364476 0.6213235294117647 0.11014994232987313 0.6232698961937716 0.11505190311418685 0.6237024221453287 0.12918108419838523 0.6232698961937716 0.14042675893886966 0.6198096885813149 0.14677047289504036 0.6128892733564014 0.14417531718569782 0.595371972318339 0.1444636678200692 0.5940743944636678 0.11274509803921569 0.5990484429065744 0.10870818915801615
0 0.909818339100346 0.6424452133794695 0.9130622837370242 0.6456170703575548 0.9147923875432526 0.653114186851211 0.9167387543252595 0.6802191464821222 0.9130622837370242 0.6845444059976932 0.8916522491349481 0.6874279123414071 0.8871107266435986 0.6874279123414071 0.8836505190311419 0.6825259515570934 0.8799740484429066 0.6482122260668973 0.8830017301038062 0.6453287197231834 0.9096020761245674 0.6424452133794695
0 0.835856401384083 0.566320645905421 0.83780276816609 0.567762399077278 0.8397491349480969 0.5850634371395617 0.8419117647058824 0.5882352941176471 0.8429930795847751 0.606401384083045 0.8163927335640139 0.6098615916955017 0.8105536332179931 0.6095732410611303 0.808174740484429 0.6055363321799307 0.8060121107266436 0.5870818915801614 0.8073096885813149 0.5703575547866205 0.8356401384083045 0.566320645905421
0 0.8434256055363322 0.6508073817762399 0.8460207612456747 0.6525374855824683 0.8479671280276817 0.6585928489042676 0.8505622837370242 0.6897347174163783 0.8490484429065744 0.6926182237600923 0.8254757785467128 0.6949250288350635 0.8174740484429066 0.6926182237600923 0.8142301038062284 0.654555940023068 0.8432093425605537 0.6508073817762399
0 0.42474048442906576 0.5919838523644751 0.44961072664359863 0.5928489042675894 0.44961072664359863 0.6208189158016147 0.4463667820069204 0.6335063437139562 0.41782006920415227 0.6320645905420992 0.4184688581314879 0.592560553633218 0.4245242214532872 0.5919838523644751
0 0.5257352941176471 0.10697808535178778 0.5376297577854672 0.10986159169550173 0.53719723183391 0.1444636678200692 0.532871972318339 0.14677047289504036 0.5160034602076125 0.14705882352941177 0.5105968858131488 0.14677047289504036 0.5084342560553633 0.14359861591695502 0.5092993079584776 0.11101499423298732 0.5118944636678201 0.10726643598615918 0.5255190311418685 0.10697808535178778
0 0.8228806228373703 0.8235294117647058 0.8317474048442907 0.8243944636678201 0.8328287197231834 0.8278546712802768 0.8339100346020761 0.8662053056516724 0.8274221453287197 0.8690888119953863 0.8053633217993079 0.868800461361015 0.8008217993079585 0.8664936562860438 0.7988754325259516 0.8246828143021915 0.8226643598615917 0.8235294117647058
0 0.7941176470588235 0.8215109573241061 0.7975778546712803 0.8243944636678201 0.7995242214532872 0.8388119953863898 0.7995242214532872 0.8664936562860438 0.7737889273356401 0.870242214532872 0.7679498269896193 0.8670703575547867 0.764273356401384 0.827277970011534 0.7668685121107266 0.8246828143021915 0.793901384083045 0.8215109573241061
0 0.779628027681661 0.6983852364475202 0.784385813148789 0.7035755478662054 0.7863321799307958 0.7381776239907728 0.7837370242214533 0.7413494809688581 0.7636245674740484 0.7433679354094579 0.754757785467128 0.7413494809688581 0.7512975778546713 0.7191464821222606 0.7512975778546713 0.701845444059977 0.7794117647058824 0.6983852364475202
0 0.9117647058823529 0.6851211072664359 0.9154411764705882 0.6891580161476355 0.9191176470588235 0.7136678200692042 0.9186851211072664 0.7275086505190311 0.8933823529411765 0.7303921568627451 0.8873269896193772 0.7303921568627451 0.8838667820069204 0.7249134948096886 0.8823529411764706 0.6891580161476355 0.9115484429065744 0.6851211072664359
0 0.7450259515570934 0.5666089965397924 0.7487024221453287 0.5694925028835064 0.7502162629757786 0.5778546712802768 0.7504325259515571 0.6038062283737025 0.7482698961937716 0.6118800461361015 0.736159169550173 0.6087081891580162 0.721885813148789 0.6087081891580162 0.7192906574394463 0.606401384083045 0.7195069204152249 0.5703575547866205 0.7283737024221453 0.5671856978085352 0.7448096885813149 0.5666089965397924
0 0.7731401384083045 0.6121683967704729 0.7798442906574394 0.6127450980392157 0.7830882352941176 0.6508073817762399 0.7649221453287197 0.653114186851211 0.7556228373702422 0.653114186851211 0.75 0.6499423298731257 0.7497837370242214 0.6130334486735871 0.7729238754325259 0.6121683967704729
0 0.7129089532871973 0.5269123414071512 0.715909169550173 0.5669258938869666 0.7485356833910034 0.5664258938869665 0.7462856833910034 0.524911476355248
0 0.6898788927335641 0.40628604382929645 0.7141003460207612 0.4077277970011534 0.717128027681661 0.44146482122260666 0.7143166089965398 0.44607843137254904 0.696583044982699 0.4463667820069204 0.6870674740484429 0.4437716262975779 0.6855536332179931 0.4080161476355248 0.6898788927335641 0.40657439446366783
0 0.6632785467128027 0.40484429065743943 0.676038062283737 0.408881199538639 0.6862024221453287 0.4080161476355248 0.6864186851211073 0.4426182237600923 0.6561418685121108 0.4426182237600923 0.6561418685121108 0.4068627450980392 0.6630622837370242 0.40513264129181087
0 0.7378892733564014 0.40513264129181087 0.7448096885813149 0.4080161476355248 0.7463235294117647 0.4134948096885813 0.7474048442906575 0.4397347174163783 0.7448096885813149 0.4466551326412918 0.720371972318339 0.4455017301038062 0.7166955017301038 0.4429065743944637 0.7153979238754326 0.4077277970011534 0.7376730103806228 0.40513264129181087
0 0.7538927335640139 0.2177047289504037 0.7688148788927336 0.21828143021914648 0.7703287197231834 0.22116493656286043 0.7718425605536332 0.23529411764705882 0.7711937716262975 0.252883506343714 0.7692474048442907 0.2577854671280277 0.740484429065744 0.25259515570934254 0.7415657439446367 0.22116493656286043 0.7448096885813149 0.21683967704728951 0.7536764705882353 0.2177047289504037
0 0.7644896193771626 0.14331026528258362 0.7690311418685121 0.14359861591695502 0.7729238754325259 0.14878892733564014 0.7740051903114187 0.17647058823529413 0.7724913494809689 0.18194925028835063 0.7634083044982699 0.18223760092272204 0.7437283737024222 0.18108419838523646 0.7428633217993079 0.1508073817762399 0.7437283737024222 0.14619377162629757 0.7476211072664359 0.1438869665513264 0.764273356401384 0.14331026528258362
0 0.6444636678200693 0.252883506343714 0.6509515570934256 0.2554786620530565 0.6516003460207612 0.288638985005767 0.6485726643598616 0.29123414071510956 0.629325259515571 0.291522491349481 0.6230536332179931 0.29123414071510956 0.6221885813148789 0.2889273356401384 0.6221885813148789 0.2549019607843137 0.6442474048442907 0.252883506343714
0 0.5521193771626297 0.25317185697808536 0.5629325259515571 0.2549019607843137 0.5637975778546713 0.2897923875432526 0.5607698961937716 0.2918108419838524 0.5365484429065744 0.29123414071510956 0.5339532871972318 0.28633217993079585 0.5358996539792388 0.25432525951557095 0.5519031141868512 0.25317185697808536
0 0.532439446366782 0.3229527104959631 0.5365484429065744 0.32497116493656286 0.53719723183391 0.3295847750865052 0.5365484429065744 0.3624567474048443 0.5086505190311419 0.3615916955017301 0.5069204152249135 0.35928489042675893 0.5071366782006921 0.3246828143021915 0.532439446366782 0.32324106113033446
0 0.4801038062283737 0.3229527104959631 0.5051903114186851 0.3226643598615917 0.5073529411764706 0.33304498269896193 0.5073529411764706 0.35928489042675893 0.5058391003460208 0.3613033448673587 0.4805363321799308 0.3607266435986159 0.4768598615916955 0.356401384083045 0.47794117647058826 0.3275663206459054 0.4801038062283737 0.32324106113033446
0 0.5307093425605537 0.28719723183391005 0.5352508650519031 0.2926758938869666 0.5363321799307958 0.3206459054209919 0.5227076124567474 0.3217993079584775 0.5092993079584776 0.3215109573241061 0.5064878892733564 0.31920415224913495 0.5051903114186851 0.290080738177624 0.5151384083044983 0.2869088811995386 0.5304930795847751 0.28719723183391005
0 0.41522491349480967 0.32006920415224915 0.41825259515570934 0.3264129181084198 0.41782006920415227 0.35034602076124566 0.41608996539792387 0.35841983852364473 0.4124134948096886 0.35870818915801617 0.39013840830449825 0.35813148788927335 0.38819204152249137 0.35611303344867357 0.38819204152249137 0.32785467128027684 0.3907871972318339 0.3220876585928489 0.41500865051903113 0.32006920415224915
0 0.21907439446366783 0.353517877739331 0.2277249134948097 0.354959630911188 0.2296712802768166 0.35813148788927335 0.22858996539792387 0.39215686274509803 0.19852941176470587 0.3924452133794694 0.19593425605536333 0.3875432525951557 0.19550173010380623 0.3739907727797001 0.19615051903114186 0.3595732410611303 0.19852941176470587 0.3558246828143022 0.21907439446366783 0.3538062283737024
0 0.06379757785467129 0.4108996539792388 0.07461072664359862 0.41205305651672436 0.07785467128027682 0.4146482122260669 0.07504325259515571 0.4515570934256055 0.07201557093425605 0.4524221453287197 0.04476643598615917 0.4495386389850058 0.04411764705882353 0.4388696655132641 0.04822664359861592 0.41320645905420994 0.06358131487889274 0.4108996539792388
0 0.1351643598615917 0.40484429065743943 0.13992214532871972 0.4077277970011534 0.14121972318339102 0.4354094579008074 0.13992214532871972 0.4426182237600923 0.1371107266435986 0.44492502883506346 0.11505190311418685 0.4466551326412918 0.1115916955017301 0.4457900807381776 0.10964532871972318 0.4397347174163783 0.10964532871972318 0.41147635524798154 0.11288927335640138 0.40743944636678203 0.13494809688581316 0.40484429065743943
0 0.17019896193771628 0.43367935409457903 0.17582179930795847 0.4388696655132641 0.17625432525951557 0.47058823529411764 0.17171280276816608 0.47433679354094577 0.14878892733564014 0.47635524798154555 0.1429498269896194 0.47433679354094577 0.1429498269896194 0.43829296424452135 0.14705882352941177 0.43569780853517875 0.1699826989619377 0.43367935409457903
0 0.16608996539792387 0.3947520184544406 0.17279411764705882 0.39763552479815456 0.16868512110726644 0.4293540945790081 0.14511245674740483 0.4354094579008074 0.13970588235294118 0.43137254901960786 0.13862456747404844 0.4077277970011534 0.14013840830449828 0.4005190311418685 0.14424740484429066 0.39590542099192616 0.16587370242214533 0.3947520184544406
0 0.4461505190311419 0.6747404844290658 0.44831314878892736 0.6784890426758939 0.44809688581314877 0.7168396770472895 0.423659169550173 0.7188581314878892 0.41825259515570934 0.7185697808535179 0.4163062283737024 0.7156862745098039 0.4180363321799308 0.6767589388696655 0.43944636678200694 0.6773356401384083 0.4459342560553633 0.6750288350634371
0 0.8966262975778547 0.8197808535178778 0.8985726643598616 0.8243944636678201 0.8996539792387543 0.8615916955017301 0.8970588235294118 0.8638985005767013 0.8804065743944637 0.8650519031141869 0.8698096885813149 0.8650519031141869 0.8682958477508651 0.8627450980392157 0.8646193771626297 0.8209342560553633 0.8801903114186851 0.8186274509803921 0.8964100346020761 0.8197808535178778
0 0.02023507785467128 0.407775663206459 0.04969485294117647 0.4101986735870819 0.043743295847750864 0.4514746251441753 0.014021626297577854 0.44750576701268746
0 0.22794117647058823 0.3924452133794694 0.2324826989619377 0.39388696655132643 0.23399653979238755 0.39763552479815456 0.23442906574394465 0.42560553633217996 0.23118512110726644 0.4339677047289504 0.2000432525951557 0.43281430219146483 0.20155709342560554 0.395040369088812 0.2277249134948097 0.3924452133794694
0 0.17262867647058824 0.39428575547866207 0.20298118512110727 0.39392647058823527 0.20179087370242216 0.4332179930795848 0.17114078719723183 0.4340118223760092
0 0.2681660899653979 0.4731833910034602 0.2921712802768166 0.4740484429065744 0.29173875432525953 0.5115340253748558 0.27530276816608995 0.5144175317185697 0.26059688581314877 0.5121107266435986 0.26059688581314877 0.47433679354094577 0.2679498269896194 0.4731833910034602
0 0.31957006920415226 0.5498445790080738 0.3191554930795848 0.512253171856978 0.2876544117647059 0.514464244521338 0.28848334775086504 0.554267012687428
0 0.32661634948096885 0.39229238754325263 0.3253728373702422 0.43043656286043824 0.2959442041522491 0.43043656286043824 0.2963587802768166 0.3917396193771627
0 0.3311756055363322 0.3187410611303345 0.32910315743944635 0.35635957324106116 0.2976020761245675 0.3541485005767012 0.2988455882352941 0.3154512687427912
0 0.5371760380622838 0.3635057670126874 0.5367614619377163 0.4000320069204152 0.5069184688581315 0.3994792387543253 0.5069184688581315 0.3618878316032295
0 0.38464446366782007 0.43645559400230677 0.41614554498269896 0.4370703575547866 0.41614554498269896 0.397267877739331 0.385473615916955 0.3967151095732411
0 0.47873334775086507 0.7178016147635524 0.5118923010380623 0.7178016147635524 0.5098198529411765 0.6752350057670127 0.47956228373702425 0.6763405420991926
0 0.41697448096885814 0.6752004036908881 0.4484755622837371 0.6746822376009226 0.4484755622837371 0.6326683967704729 0.41697448096885814 0.6326683967704729
0 0.5346890138408305 0.24744925028835063 0.5338600778546713 0.28451009227220303 0.506503892733564 0.28451009227220303 0.506503892733564 0.2474717416378316
0 0.5637032871972318 0.25408102652825837 0.5906448961937716 0.2541231257208766 0.5910594723183391 0.29392589388696655 0.5641176470588235 0.29392589388696655
0 0.6152681660899654 0.25432525951557095 0.6204584775086506 0.2566320645905421 0.6213235294117647 0.2675893886966551 0.6219723183391004 0.290080738177624 0.6204584775086506 0.2935409457900807 0.6165657439446367 0.2944059976931949 0.594939446366782 0.29411764705882354 0.5923442906574394 0.2909457900807382 0.5927768166089965 0.2554786620530565 0.6150519031141869 0.25432525951557095
0 0.6652249134948097 0.2165513264129181 0.6782006920415224 0.2185697808535179 0.6799307958477508 0.22087658592848905 0.6814446366782007 0.2517301038062284 0.6771193771626297 0.25403690888119956 0.6541955017301038 0.25346020761245674 0.6505190311418685 0.2511534025374856 0.6509515570934256 0.22029988465974626 0.654628027681661 0.21683967704728951 0.6650086505190311 0.2165513264129181
0 0.5945069204152249 0.21943483275663206 0.6198096885813149 0.2185697808535179 0.6213235294117647 0.22058823529411764 0.6224048442906575 0.2442329873125721 0.6198096885813149 0.2557670126874279 0.5945069204152249 0.2566320645905421 0.5914792387543253 0.24625144175317185 0.5916955017301038 0.223760092272203 0.5945069204152249 0.21972318339100347
0 0.8741349480968859 0.33967704728950404 0.8907871972318339 0.3416955017301038 0.8927335640138409 0.34515570934256057 0.8933823529411765 0.3682237600922722 0.8907871972318339 0.37946943483275664 0.8626730103806228 0.37658592848904265 0.8615916955017301 0.34054209919261824 0.8739186851211073 0.33967704728950404
0 0.7560553633217993 0.2537485582468281 0.7703287197231834 0.25807381776239907 0.7714100346020761 0.288638985005767 0.770544982698962 0.2935409457900807 0.7681660899653979 0.29498269896193774 0.7439446366782007 0.29382929642445216 0.7396193771626297 0.2897923875432526 0.7415657439446367 0.2563437139561707 0.7558391003460208 0.2537485582468281
0 0.7427618944636678 0.18062745098039218 0.7717759515570934 0.18339158016147633 0.7713615916955017 0.22153575547866203 0.7411040224913494 0.2182188581314879
0 0.8961224048442906 0.41877076124567475 0.8957078287197231 0.46026960784313725 0.8646213235294118 0.45805824682814306 0.8629632352941177 0.4193613033448674
0 0.6565484429065744 0.4027439446366782 0.6573773788927336 0.4420265282583622 0.625461937716263 0.44368512110726643 0.6242184256055363 0.4033295847750865
0 0.7108462370242215 0.36682151095732407 0.7125043252595156 0.4055409457900807 0.7427618944636678 0.4060937139561707 0.7427618944636678 0.36850230680507495