0 0.8703703703703703 0.47445436507936506 0.8746693121693122 0.4771825396825397 0.8783068783068783 0.49503968253968256 0.876984126984127 0.5014880952380952 0.8498677248677249 0.5047123015873016 0.841931216931217 0.5029761904761905 0.8369708994708994 0.4771825396825397 0.8396164021164021 0.4749503968253968 0.8472222222222222 0.4739583333333333 0.8700396825396826 0.47445436507936506
0 0.5128968253968254 0.6316964285714286 0.5168650793650794 0.6346726190476191 0.5191798941798942 0.6614583333333334 0.5158730158730159 0.6634424603174603 0.49107142857142855 0.6659226190476191 0.48048941798941797 0.6656746031746031 0.47883597883597884 0.6639384920634921 0.47585978835978837 0.6359126984126984 0.4818121693121693 0.6336805555555556 0.5125661375661376 0.6316964285714286
0 0.5545634920634921 0.6292162698412699 0.5575396825396826 0.6329365079365079 0.5625 0.654265873015873 0.5608465608465608 0.6609623015873016 0.5300925925925926 0.6646825396825397 0.5238095238095238 0.6646825396825397 0.521494708994709 0.6626984126984127 0.5171957671957672 0.6336805555555556 0.5542328042328042 0.6292162698412699
0 0.5085978835978836 0.6626984126984127 0.5171957671957672 0.6631944444444444 0.5198412698412699 0.6659226190476191 0.5228174603174603 0.6949404761904762 0.5076058201058201 0.6979166666666666 0.49074074074074076 0.6984126984126984 0.48412698412698413 0.701140873015873 0.47883597883597884 0.667906746031746 0.48148148148148145 0.6656746031746031 0.5082671957671958 0.6629464285714286
0 0.26951058201058203 0.31473214285714285 0.2744708994708995 0.31572420634920634 0.2761243386243386 0.31820436507936506 0.2777777777777778 0.33878968253968256 0.2757936507936508 0.34325396825396826 0.2414021164021164 0.34424603174603174 0.2371031746031746 0.34325396825396826 0.23544973544973544 0.3395337301587302 0.23578042328042328 0.31746031746031744 0.2691798941798942 0.31473214285714285
0 0.32242063492063494 0.48561507936507936 0.32771164021164023 0.4898313492063492 0.3273809523809524 0.5146329365079365 0.291005291005291 0.5171130952380952 0.2880291005291005 0.5161210317460317 0.28703703703703703 0.5126488095238095 0.2863756613756614 0.48759920634920634 0.2962962962962963 0.4853670634920635 0.3220899470899471 0.48561507936507936
0 0.6550925925925926 0.4585813492063492 0.6752645502645502 0.4595734126984127 0.6785714285714286 0.4625496031746032 0.6792328042328042 0.4851190476190476 0.6726190476190477 0.4878472222222222 0.6435185185185185 0.4871031746031746 0.6408730158730159 0.4851190476190476 0.6408730158730159 0.4603174603174603 0.6547619047619048 0.4585813492063492
0 0.48115079365079366 0.7016369047619048 0.4851190476190476 0.707093253968254 0.48743386243386244 0.7346230158730159 0.4503968253968254 0.7388392857142857 0.4460978835978836 0.7378472222222222 0.4444444444444444 0.7346230158730159 0.44312169312169314 0.7063492063492064 0.45271164021164023 0.7036210317460317 0.4808201058201058 0.7016369047619048
0 0.8525132275132276 0.5193452380952381 0.04298941798941799 0.03125
0 0.1357473544973545 0.365203373015873 0.0419973544973545 0.031001984126984128
0 0.5396825396825397 0.43774801587301587 0.5509259259259259 0.43898809523809523 0.5539021164021164 0.4409722222222222 0.5542328042328042 0.4662698412698413 0.5337301587301587 0.4660218253968254 0.5205026455026455 0.46850198412698413 0.515542328042328 0.4670138888888889 0.515542328042328 0.439484126984127 0.5393518518518519 0.43774801587301587
0 0.44775132275132273 0.38839285714285715 0.47354497354497355 0.38839285714285715 0.47585978835978837 0.3898809523809524 0.47585978835978837 0.4146825396825397 0.4708994708994709 0.41716269841269843 0.4375 0.41517857142857145 0.43783068783068785 0.39211309523809523 0.44212962962962965 0.3881448412698413 0.44742063492063494 0.38839285714285715
0 0.2612433862433862 0.26165674603174605 0.2728174603174603 0.2621527777777778 0.27546296296296297 0.2646329365079365 0.27414021164021163 0.28621031746031744 0.26785714285714285 0.28869047619047616 0.23677248677248677 0.2884424603174603 0.23412698412698413 0.2867063492063492 0.23743386243386244 0.26264880952380953 0.26091269841269843 0.26165674603174605
0 0.7235449735449735 0.5746527777777778 0.7271825396825397 0.5811011904761905 0.728505291005291 0.6036706349206349 0.7027116402116402 0.6056547619047619 0.6884920634920635 0.6039186507936508 0.685515873015873 0.5768849206349206 0.7232142857142857 0.5746527777777778
0 0.9421296296296297 0.49677579365079366 0.9467592592592593 0.5104166666666666 0.9470899470899471 0.5245535714285714 0.9150132275132276 0.527281746031746 0.9054232804232805 0.5017361111111112 0.9067460317460317 0.4992559523809524 0.9216269841269841 0.49677579365079366 0.9417989417989417 0.49677579365079366
0 0.5535714285714286 0.46750992063492064 0.5591931216931217 0.47098214285714285 0.5611772486772487 0.4935515873015873 0.5572089947089947 0.4965277777777778 0.5400132275132276 0.49702380952380953 0.5251322751322751 0.49677579365079366 0.5208333333333334 0.4947916666666667 0.5201719576719577 0.46999007936507936 0.5234788359788359 0.4677579365079365 0.5532407407407407 0.46750992063492064
0 0.8875661375661376 0.5620039682539683 0.8928571428571429 0.564484126984127 0.8988095238095238 0.5890376984126984 0.8948412698412699 0.5915178571428571 0.8693783068783069 0.59375 0.8627645502645502 0.59375 0.8587962962962963 0.5902777777777778 0.8544973544973545 0.566468253968254 0.8558201058201058 0.5647321428571429 0.8667328042328042 0.5629960317460317 0.8872354497354498 0.5620039682539683
0 0.904431216931217 0.5007440476190477 0.9087301587301587 0.5076884920634921 0.9123677248677249 0.5290178571428571 0.8829365079365079 0.5319940476190477 0.8743386243386243 0.5317460317460317 0.8703703703703703 0.5295138888888888 0.8723544973544973 0.5230654761904762 0.8700396825396826 0.5047123015873016 0.8726851851851852 0.5029761904761905 0.9041005291005291 0.5007440476190477
0 0.4255952380952381 0.7090773809523809 0.43882275132275134 0.7098214285714286 0.44047619047619047 0.7118055555555556 0.4427910052910053 0.7413194444444444 0.43716931216931215 0.7435515873015873 0.40145502645502645 0.7455357142857143 0.39880952380952384 0.7445436507936508 0.39880952380952384 0.7127976190476191 0.4017857142857143 0.7105654761904762 0.4252645502645503 0.7090773809523809
0 0.49206349206349204 0.7718253968253969 0.4947089947089947 0.8043154761904762 0.4603174603174603 0.8075396825396826 0.453042328042328 0.8072916666666666 0.45072751322751325 0.8043154761904762 0.4497354497354497 0.7750496031746031 0.49173280423280424 0.7718253968253969
0 0.11375661375661375 0.35193452380952384 0.11541005291005291 0.37996031746031744 0.08597883597883597 0.38318452380952384 0.07738095238095238 0.38268849206349204 0.07374338624338625 0.3804563492063492 0.07374338624338625 0.3539186507936508 0.11342592592592593 0.35193452380952384
0 0.3263888888888889 0.3968253968253968 0.33101851851851855 0.4208829365079365 0.328042328042328 0.4263392857142857 0.32142857142857145 0.4246031746031746 0.2896825396825397 0.42584325396825395 0.2867063492063492 0.4052579365079365 0.2867063492063492 0.4010416666666667 0.2900132275132275 0.39880952380952384 0.32605820105820105 0.3968253968253968
0 0.416005291005291 0.5691964285714286 0.45006613756613756 0.5701884920634921 0.45072751322751325 0.5962301587301587 0.44642857142857145 0.5997023809523809 0.4150132275132275 0.6004464285714286 0.4097222222222222 0.5984623015873016 0.4093915343915344 0.574156746031746 0.4107142857142857 0.5709325396825397 0.4156746031746032 0.5691964285714286
0 0.3220899470899471 0.4255952380952381 0.328042328042328 0.42981150793650796 0.3306878306878307 0.45337301587301587 0.328042328042328 0.45535714285714285 0.31216931216931215 0.4548611111111111 0.29894179894179895 0.4568452380952381 0.2926587301587302 0.4565972222222222 0.289021164021164 0.4541170634920635 0.2863756613756614 0.4303075396825397 0.2896825396825397 0.42782738095238093 0.32175925925925924 0.4255952380952381
0 0.414021164021164 0.5099206349206349 0.45205026455026454 0.5086805555555556 0.45436507936507936 0.5319940476190477 0.453042328042328 0.5386904761904762 0.4150132275132275 0.5384424603174603 0.414021164021164 0.5101686507936508
0 0.5744047619047619 0.4908234126984127 0.5992063492063492 0.4913194444444444 0.6021825396825397 0.4930555555555556 0.6021825396825397 0.519593253968254 0.593915343915344 0.5210813492063492 0.5631613756613757 0.519593253968254 0.5625 0.49404761904761907 0.564484126984127 0.49181547619047616 0.5740740740740741 0.49107142857142855
0 0.3654100529100529 0.2586805555555556 0.39285714285714285 0.2621527777777778 0.39384920634920634 0.28422619047619047 0.3912037037037037 0.2896825396825397 0.35912698412698413 0.2884424603174603 0.3558201058201058 0.28621031746031744 0.3544973544973545 0.25967261904761907 0.36507936507936506 0.2586805555555556
0 0.5720899470899471 0.5290178571428571 0.5770502645502645 0.5327380952380952 0.5770502645502645 0.5572916666666666 0.5717592592592593 0.5590277777777778 0.548941798941799 0.5592757936507936 0.5383597883597884 0.5572916666666666 0.5383597883597884 0.5297619047619048 0.5717592592592593 0.5290178571428571
0 0.3125 0.25992063492063494 0.31547619047619047 0.26512896825396826 0.3158068783068783 0.2867063492063492 0.31084656084656087 0.2904265873015873 0.2787698412698413 0.2896825396825397 0.2748015873015873 0.2867063492063492 0.2748015873015873 0.2819940476190476 0.2777777777777778 0.26165674603174605 0.31216931216931215 0.25992063492063494
0 0.42658730158730157 0.39037698412698413 0.435515873015873 0.3913690476190476 0.43716931216931215 0.39360119047619047 0.4365079365079365 0.4149305555555556 0.435515873015873 0.41889880952380953 0.43253968253968256 0.419890873015873 0.3968253968253968 0.4184027777777778 0.3974867724867725 0.39360119047619047 0.3998015873015873 0.3898809523809524 0.4262566137566138 0.39037698412698413
0 0.07903439153439154 0.4107142857142857 0.08267195767195767 0.41418650793650796 0.08300264550264551 0.44072420634920634 0.05489417989417989 0.44345238095238093 0.04497354497354497 0.44320436507936506 0.04133597883597884 0.4412202380952381 0.040013227513227514 0.41418650793650796 0.055224867724867725 0.4114583333333333 0.0787037037037037 0.4107142857142857
0 0.15145502645502645 0.32217261904761907 0.15707671957671956 0.32415674603174605 0.1574074074074074 0.3454861111111111 0.15476190476190477 0.34945436507936506 0.11706349206349206 0.35119047619047616 0.11408730158730158 0.34672619047619047 0.11607142857142858 0.3236607142857143 0.15112433862433863 0.32217261904761907
0 0.4007936507936508 0.675843253968254 0.44113756613756616 0.6753472222222222 0.44312169312169314 0.7028769841269841 0.439484126984127 0.7093253968253969 0.4007936507936508 0.7093253968253969 0.398478835978836 0.7065972222222222 0.4007936507936508 0.6760912698412699
0 0.3664021164021164 0.48288690476190477 0.3683862433862434 0.484375 0.36904761904761907 0.5124007936507936 0.3316798941798942 0.5146329365079365 0.32837301587301587 0.5052083333333334 0.33035714285714285 0.48462301587301587 0.36607142857142855 0.48288690476190477
0 0.4021164021164021 0.5096726190476191 0.40773809523809523 0.5099206349206349 0.41104497354497355 0.5128968253968254 0.4123677248677249 0.5381944444444444 0.4113756613756614 0.5401785714285714 0.3931878306878307 0.5406746031746031 0.3726851851851852 0.5399305555555556 0.37003968253968256 0.5131448412698413 0.3783068783068783 0.5106646825396826 0.3948412698412698 0.5114087301587301 0.4017857142857143 0.5096726190476191
0 0.6005291005291006 0.652281746031746 0.6038359788359788 0.6569940476190477 0.6051587301587301 0.6842757936507936 0.5744047619047619 0.6870039682539683 0.5674603174603174 0.6867559523809523 0.5641534391534392 0.6842757936507936 0.5641534391534392 0.65625 0.6001984126984127 0.652281746031746
0 0.3726851851851852 0.3333333333333333 0.39451058201058203 0.3335813492063492 0.39814814814814814 0.3382936507936508 0.3994708994708995 0.35987103174603174 0.3958333333333333 0.3618551587301587 0.3773148148148148 0.3628472222222222 0.3627645502645503 0.3628472222222222 0.36044973544973546 0.35887896825396826 0.35912698412698413 0.33779761904761907 0.36243386243386244 0.33382936507936506 0.3723544973544973 0.3333333333333333
0 0.3098544973544973 0.33804563492063494 0.31845238095238093 0.3400297619047619 0.3210978835978836 0.36607142857142855 0.3167989417989418 0.3678075396825397 0.28703703703703703 0.36904761904761907 0.28273809523809523 0.3687996031746032 0.2814153439153439 0.3658234126984127 0.2777777777777778 0.3410218253968254 0.2810846560846561 0.33903769841269843 0.30952380952380953 0.33804563492063494
0 0.40343915343915343 0.3335813492063492 0.43253968253968256 0.33407738095238093 0.4365079365079365 0.3375496031746032 0.43783068783068785 0.35912698412698413 0.435515873015873 0.361359126984127 0.419973544973545 0.3618551587301587 0.4007936507936508 0.361359126984127 0.39880952380952384 0.359375 0.3978174603174603 0.3350694444444444 0.4031084656084656 0.3335813492063492
0 0.12103174603174603 0.4097222222222222 0.12400793650793651 0.4114583333333333 0.1259920634920635 0.43898809523809523 0.09523809523809523 0.4427083333333333 0.08763227513227513 0.44246031746031744 0.08366402116402116 0.439484126984127 0.08366402116402116 0.41294642857142855 0.1207010582010582 0.4097222222222222
0 0.40773809523809523 0.4809027777777778 0.4103835978835979 0.5086805555555556 0.40773809523809523 0.5101686507936508 0.37433862433862436 0.5109126984126984 0.37037037037037035 0.5089285714285714 0.36904761904761907 0.48288690476190477 0.38095238095238093 0.4806547619047619 0.4074074074074074 0.4809027777777778
0 0.2566137566137566 0.28893849206349204 0.273478835978836 0.2899305555555556 0.2757936507936508 0.2958829365079365 0.2757936507936508 0.3149801587301587 0.23809523809523808 0.3167162698412698 0.23445767195767195 0.31200396825396826 0.23544973544973544 0.29017857142857145 0.2562830687830688 0.28893849206349204
0 0.42592592592592593 0.5381944444444444 0.453042328042328 0.5389384920634921 0.45601851851851855 0.5659722222222222 0.4494047619047619 0.5694444444444444 0.41798941798941797 0.5691964285714286 0.414021164021164 0.5677083333333334 0.414021164021164 0.5409226190476191 0.4150132275132275 0.5391865079365079 0.4255952380952381 0.5381944444444444
0 0.7308201058201058 0.48214285714285715 0.7569444444444444 0.4833829365079365 0.7579365079365079 0.5114087301587301 0.7271825396825397 0.5124007936507936 0.7202380952380952 0.5109126984126984 0.7175925925925926 0.484375 0.730489417989418 0.482390873015873
0 0.2361111111111111 0.3444940476190476 0.2414021164021164 0.3685515873015873 0.24107142857142858 0.37276785714285715 0.23776455026455026 0.37450396825396826 0.19973544973544974 0.3740079365079365 0.1984126984126984 0.3697916666666667 0.19775132275132276 0.34871031746031744 0.19973544973544974 0.34672619047619047 0.23578042328042328 0.3444940476190476
0 0.6481481481481481 0.48759920634920634 0.6785714285714286 0.48933531746031744 0.6802248677248677 0.5133928571428571 0.6775793650793651 0.5171130952380952 0.6412037037037037 0.5153769841269841 0.6398809523809523 0.49007936507936506 0.6412037037037037 0.4880952380952381 0.6478174603174603 0.48759920634920634
0 0.5509259259259259 0.38268849206349204 0.5545634920634921 0.38467261904761907 0.5568783068783069 0.3993055555555556 0.5572089947089947 0.41021825396825395 0.5539021164021164 0.4117063492063492 0.5234788359788359 0.41096230158730157 0.5188492063492064 0.4089781746031746 0.5168650793650794 0.38740079365079366 0.5185185185185185 0.38392857142857145 0.5505952380952381 0.38268849206349204
0 0.5505952380952381 0.4114583333333333 0.5552248677248677 0.4134424603174603 0.5565476190476191 0.41691468253968256 0.5572089947089947 0.4357638888888889 0.5535714285714286 0.43973214285714285 0.5416666666666666 0.43725198412698413 0.5188492063492064 0.4382440476190476 0.5171957671957672 0.43601190476190477 0.5188492063492064 0.41121031746031744 0.5502645502645502 0.4114583333333333
0 0.2757936507936508 0.3410218253968254 0.2794312169312169 0.34970238095238093 0.2820767195767196 0.3697916666666667 0.2628968253968254 0.37351190476190477 0.2414021164021164 0.37202380952380953 0.23776455026455026 0.34523809523809523 0.24404761904761904 0.34325396825396826 0.25727513227513227 0.34399801587301587 0.27546296296296297 0.3412698412698413
0 0.716931216931217 0.5151289682539683 0.7202380952380952 0.5190972222222222 0.720568783068783 0.5441468253968254 0.6828703703703703 0.5453869047619048 0.6795634920634921 0.5238095238095238 0.6808862433862434 0.5168650793650794 0.7166005291005291 0.5151289682539683
0 0.4880952380952381 0.7353670634920635 0.4914021164021164 0.7405753968253969 0.4914021164021164 0.7710813492063492 0.4537037037037037 0.7740575396825397 0.4494047619047619 0.7705853174603174 0.4487433862433862 0.7395833333333334 0.4877645502645503 0.7353670634920635
0 0.6418650793650794 0.43080357142857145 0.673941798941799 0.4330357142857143 0.6759259259259259 0.4573412698412698 0.6726190476190477 0.4595734126984127 0.640542328042328 0.45907738095238093 0.6365740740740741 0.4565972222222222 0.6362433862433863 0.4320436507936508 0.6415343915343915 0.43080357142857145
0 0.3501984126984127 0.33630952380952384 0.3587962962962963 0.3392857142857143 0.36044973544973546 0.3638392857142857 0.35615079365079366 0.3663194444444444 0.3349867724867725 0.36681547619047616 0.3210978835978836 0.36607142857142855 0.31812169312169314 0.3382936507936508 0.3498677248677249 0.33630952380952384
0 0.3525132275132275 0.28621031746031744 0.35813492063492064 0.2906746031746032 0.3611111111111111 0.3062996031746032 0.3601190476190476 0.3152281746031746 0.3531746031746032 0.3167162698412698 0.3244047619047619 0.31646825396825395 0.32175925925925924 0.31374007936507936 0.3201058201058201 0.2996031746031746 0.3210978835978836 0.28869047619047616 0.3521825396825397 0.28621031746031744
0 0.23412698412698413 0.3742559523809524 0.23974867724867724 0.3767361111111111 0.2390873015873016 0.40153769841269843 0.20634920634920634 0.4037698412698413 0.19907407407407407 0.4037698412698413 0.19576719576719576 0.4007936507936508 0.19642857142857142 0.3767361111111111 0.19940476190476192 0.37450396825396826 0.2337962962962963 0.3742559523809524
0 0.8353174603174603 0.4756944444444444 0.8386243386243386 0.47767857142857145 0.8402777777777778 0.5037202380952381 0.8316798941798942 0.5059523809523809 0.8042328042328042 0.5064484126984127 0.8015873015873016 0.5047123015873016 0.7986111111111112 0.4774305555555556 0.8349867724867724 0.4756944444444444
0 0.5787037037037037 0.5595238095238095 0.5816798941798942 0.5607638888888888 0.5830026455026455 0.5652281746031746 0.583994708994709 0.5875496031746031 0.5472883597883598 0.5912698412698413 0.5426587301587301 0.5776289682539683 0.5426587301587301 0.5615079365079365 0.5783730158730159 0.5595238095238095
0 0.533068783068783 0.7678571428571429 0.5363756613756614 0.7750496031746031 0.5373677248677249 0.8015873015873016 0.5327380952380952 0.8035714285714286 0.5003306878306878 0.8050595238095238 0.49503968253968256 0.8035714285714286 0.49437830687830686 0.7710813492063492 0.5327380952380952 0.7678571428571429
0 0.33101851851851855 0.23015873015873015 0.3525132275132275 0.23313492063492064 0.35085978835978837 0.25496031746031744 0.34953703703703703 0.2571924603174603 0.34523809523809523 0.25768849206349204 0.31415343915343913 0.25768849206349204 0.31283068783068785 0.25595238095238093 0.314484126984127 0.2309027777777778 0.3177910052910053 0.22916666666666666 0.3306878306878307 0.23015873015873015
0 0.2830687830687831 0.4888392857142857 0.2863756613756614 0.49776785714285715 0.28604497354497355 0.5188492063492064 0.2566137566137566 0.5205853174603174 0.2443783068783069 0.5190972222222222 0.24404761904761904 0.4913194444444444 0.28273809523809523 0.4888392857142857
0 0.5813492063492064 0.5890376984126984 0.5849867724867724 0.5905257936507936 0.5873015873015873 0.595734126984127 0.5906084656084656 0.6185515873015873 0.5548941798941799 0.6237599206349206 0.5502645502645502 0.6200396825396826 0.546957671957672 0.5930059523809523 0.5810185185185185 0.5892857142857143
0 0.49107142857142855 0.5334821428571429 0.4947089947089947 0.5381944444444444 0.4957010582010582 0.5627480158730159 0.4599867724867725 0.5667162698412699 0.45634920634920634 0.5612599206349206 0.45634920634920634 0.5357142857142857 0.49074074074074076 0.5334821428571429
0 0.38921957671957674 0.30456349206349204 0.3968253968253968 0.3053075396825397 0.39914021164021163 0.3072916666666667 0.3998015873015873 0.32688492063492064 0.3974867724867725 0.3335813492063492 0.36243386243386244 0.3333333333333333 0.36044973544973546 0.3315972222222222 0.3611111111111111 0.30505952380952384 0.3888888888888889 0.30456349206349204
0 0.5932539682539683 0.6195436507936508 0.5962301587301587 0.6227678571428571 0.5998677248677249 0.6369047619047619 0.6001984126984127 0.6510416666666666 0.5859788359788359 0.6530257936507936 0.5810185185185185 0.6555059523809523 0.5641534391534392 0.6567460317460317 0.5595238095238095 0.644593253968254 0.5565476190476191 0.6242559523809523 0.5929232804232805 0.6195436507936508
0 0.6167328042328042 0.7609126984126984 0.6203703703703703 0.765625 0.6243386243386243 0.7951388888888888 0.6197089947089947 0.7971230158730159 0.5873015873015873 0.7993551587301587 0.5836640211640212 0.7986111111111112 0.5813492063492064 0.7931547619047619 0.5787037037037037 0.765625 0.6164021164021164 0.7609126984126984
0 0.13657407407407407 0.29389880952380953 0.1574074074074074 0.2951388888888889 0.16104497354497355 0.296875 0.15773809523809523 0.32043650793650796 0.15476190476190477 0.32242063492063494 0.13326719576719576 0.32068452380952384 0.1173941798941799 0.3226686507936508 0.11541005291005291 0.31721230158730157 0.11970899470899471 0.29563492063492064 0.12533068783068782 0.2934027777777778 0.13624338624338625 0.29389880952380953
0 0.529431216931217 0.5300099206349206 0.5343915343915344 0.533234126984127 0.5373677248677249 0.5577876984126984 0.5046296296296297 0.5627480158730159 0.49867724867724866 0.5620039682539683 0.4973544973544973 0.5597718253968254 0.49437830687830686 0.5329861111111112 0.5291005291005291 0.5302579365079365
0 0.6240079365079365 0.4583333333333333 0.6398809523809523 0.4600694444444444 0.6402116402116402 0.4851190476190476 0.6369047619047619 0.4868551587301587 0.6071428571428571 0.4878472222222222 0.6041666666666666 0.48735119047619047 0.6025132275132276 0.48412698412698413 0.6011904761904762 0.4600694444444444 0.6236772486772487 0.4583333333333333
0 0.5753968253968254 0.7643849206349206 0.578042328042328 0.767609126984127 0.5813492063492064 0.7973710317460317 0.5436507936507936 0.8013392857142857 0.5386904761904762 0.7996031746031746 0.5360449735449735 0.7668650793650794 0.5750661375661376 0.7643849206349206
0 0.4497354497354497 0.35788690476190477 0.47453703703703703 0.361359126984127 0.47453703703703703 0.38665674603174605 0.43882275132275134 0.38764880952380953 0.43716931216931215 0.38591269841269843 0.43617724867724866 0.36259920634920634 0.43915343915343913 0.3586309523809524 0.4494047619047619 0.35813492063492064
0 0.5074404761904762 0.7142857142857143 0.045304232804232805 0.037698412698412696
0 0.7671957671957672 0.47966269841269843 0.7966269841269841 0.47966269841269843 0.8015873015873016 0.5052083333333334 0.7966269841269841 0.5089285714285714 0.7665343915343915 0.5099206349206349 0.7602513227513228 0.5086805555555556 0.7579365079365079 0.4816468253968254 0.7668650793650794 0.47966269841269843
0 0.36937830687830686 0.39037698412698413 0.3974867724867725 0.39360119047619047 0.396494708994709 0.4164186507936508 0.39384920634920634 0.42162698412698413 0.35615079365079366 0.4181547619047619 0.35912698412698413 0.390625 0.36904761904761907 0.39037698412698413
0 0.33035714285714285 0.2571924603174603 0.3525132275132275 0.2591765873015873 0.35615079365079366 0.28621031746031744 0.32142857142857145 0.28794642857142855 0.3167989417989418 0.28695436507936506 0.3151455026455027 0.28273809523809523 0.31547619047619047 0.2604166666666667 0.31845238095238093 0.25768849206349204 0.330026455026455 0.2571924603174603
0 0.3955026455026455 0.7105654761904762 0.3978174603174603 0.7127976190476191 0.3974867724867725 0.7445436507936508 0.3673941798941799 0.7465277777777778 0.3558201058201058 0.7462797619047619 0.3541666666666667 0.7447916666666666 0.3551587301587302 0.7125496031746031 0.3951719576719577 0.7105654761904762
0 0.9768518518518519 0.49429563492063494 0.9841269841269841 0.5126488095238095 0.9841269841269841 0.5215773809523809 0.9563492063492064 0.5248015873015873 0.9490740740740741 0.5240575396825397 0.9431216931216931 0.498015873015873 0.951058201058201 0.4947916666666667 0.9765211640211641 0.49429563492063494
0 0.6997354497354498 0.544890873015873 0.7202380952380952 0.5461309523809523 0.7242063492063492 0.5716765873015873 0.7192460317460317 0.5739087301587301 0.6875 0.5751488095238095 0.6832010582010583 0.5709325396825397 0.6815476190476191 0.5466269841269841 0.6994047619047619 0.544890873015873
0 0.6402116402116402 0.6493055555555556 0.6438492063492064 0.6512896825396826 0.646494708994709 0.6805555555555556 0.6418650793650794 0.6822916666666666 0.6127645502645502 0.683531746031746 0.6064814814814815 0.6822916666666666 0.6051587301587301 0.6510416666666666 0.6398809523809523 0.6493055555555556
0 0.4080687830687831 0.5406746031746031 0.41203703703703703 0.5431547619047619 0.41369047619047616 0.5687003968253969 0.4087301587301587 0.5706845238095238 0.3773148148148148 0.5729166666666666 0.373015873015873 0.5699404761904762 0.37136243386243384 0.5434027777777778 0.40773809523809523 0.5406746031746031
0 0.19411375661375663 0.3474702380952381 0.1974206349206349 0.35119047619047616 0.19874338624338625 0.3732638888888889 0.19113756613756613 0.37648809523809523 0.16137566137566137 0.37896825396825395 0.15773809523809523 0.3767361111111111 0.15641534391534392 0.3722718253968254 0.1574074074074074 0.3479662698412698 0.19378306878306878 0.3474702380952381
0 0.2810846560846561 0.4000496031746032 0.28406084656084657 0.4037698412698413 0.28604497354497355 0.42857142857142855 0.2638888888888889 0.4310515873015873 0.2447089947089947 0.42981150793650796 0.24206349206349206 0.4045138888888889 0.24702380952380953 0.40153769841269843 0.28075396825396826 0.4000496031746032
0 0.32242063492063494 0.4558531746031746 0.32671957671957674 0.4565972222222222 0.3287037037037037 0.4600694444444444 0.328042328042328 0.4853670634920635 0.2880291005291005 0.48412698412698413 0.2880291005291005 0.4585813492063492 0.3220899470899471 0.4558531746031746
0 0.47453703703703703 0.33407738095238093 0.4771825396825397 0.35639880952380953 0.4742063492063492 0.3601190476190476 0.4566798941798942 0.3568948412698413 0.44047619047619047 0.3576388888888889 0.43683862433862436 0.33705357142857145 0.43683862433862436 0.33482142857142855 0.44212962962962965 0.33308531746031744 0.4742063492063492 0.33407738095238093
0 0.5958994708994709 0.46081349206349204 0.5998677248677249 0.46304563492063494 0.6015211640211641 0.48561507936507936 0.5995370370370371 0.48933531746031744 0.5916005291005291 0.49107142857142855 0.5707671957671958 0.49032738095238093 0.5638227513227513 0.4878472222222222 0.560515873015873 0.4635416666666667 0.5641534391534392 0.46130952380952384 0.595568783068783 0.46081349206349204
0 0.6818783068783069 0.5161210317460317 0.6798941798941799 0.48908730158730157 0.7000661375661376 0.486359126984127 0.7162698412698413 0.48735119047619047 0.7192460317460317 0.5121527777777778 0.71494708994709 0.5148809523809523 0.6822089947089947 0.5161210317460317
0 0.843915343915344 0.5354662698412699 0.8508597883597884 0.5364583333333334 0.8528439153439153 0.5625 0.8488756613756614 0.5662202380952381 0.8287037037037037 0.5667162698412699 0.8184523809523809 0.566468253968254 0.8138227513227513 0.564484126984127 0.8095238095238095 0.5396825396825397 0.8138227513227513 0.5372023809523809 0.843584656084656 0.5354662698412699
0 0.8842592592592593 0.5324900793650794 0.888558201058201 0.535218253968254 0.8928571428571429 0.5607638888888888 0.8607804232804233 0.5637400793650794 0.8538359788359788 0.5610119047619048 0.8505291005291006 0.535218253968254 0.8839285714285714 0.5324900793650794
0 0.6213624338624338 0.7966269841269841 0.6256613756613757 0.7971230158730159 0.6266534391534392 0.7991071428571429 0.6299603174603174 0.828125 0.5995370370370371 0.8335813492063492 0.5912698412698413 0.8335813492063492 0.5876322751322751 0.8315972222222222 0.5843253968253969 0.8003472222222222 0.621031746031746 0.7966269841269841
0 0.6121031746031746 0.8498263888888888 0.047619047619047616 0.03695436507936508
0 0.6587301587301587 0.7544642857142857 0.6669973544973545 0.7790178571428571 0.6669973544973545 0.7872023809523809 0.6613756613756614 0.7896825396825397 0.6309523809523809 0.7941468253968254 0.626984126984127 0.7938988095238095 0.6253306878306878 0.7916666666666666 0.6193783068783069 0.7606646825396826 0.6583994708994709 0.7544642857142857
0 0.48068055555555556 0.38589360119047617 0.517655753968254 0.38817559523809525 0.5158667328042328 0.4185999503968254 0.4782949735449736 0.41502058531746033
0 0.2021719576719577 0.43554216269841267 0.24391832010582012 0.4315749007936508 0.24034027777777778 0.4024930555555556 0.19740112433862436 0.40607242063492066
0 0.16104497354497355 0.40922619047619047 0.1669973544973545 0.40922619047619047 0.167989417989418 0.4114583333333333 0.1693121693121693 0.435515873015873 0.13723544973544974 0.439484126984127 0.1292989417989418 0.439484126984127 0.12665343915343916 0.43774801587301587 0.12334656084656084 0.41121031746031744 0.1292989417989418 0.40922619047619047 0.16071428571428573 0.40922619047619047
0 0.15608465608465608 0.37797619047619047 0.16071428571428573 0.38318452380952384 0.16203703703703703 0.4055059523809524 0.15443121693121692 0.40500992063492064 0.12334656084656084 0.40947420634920634 0.11904761904761904 0.40625 0.11838624338624339 0.38169642857142855 0.15575396825396826 0.37797619047619047