0 0.9084821428571429 0.27546296296296297 0.9332837301587301 0.2777777777777778 0.9357638888888888 0.32142857142857145 0.9320436507936508 0.32506613756613756 0.8975694444444444 0.32605820105820105 0.8936011904761905 0.32175925925925924 0.892609126984127 0.27976190476190477 0.908234126984127 0.27546296296296297
0 0.4583333333333333 0.4255952380952381 0.47098214285714285 0.42824074074074076 0.4712301587301587 0.47156084656084657 0.47023809523809523 0.4755291005291005 0.46750992063492064 0.47585978835978837 0.43601190476190477 0.47585978835978837 0.4332837301587302 0.4738756613756614 0.43452380952380953 0.42724867724867727 0.45808531746031744 0.4255952380952381
0 0.17906746031746032 0.6276455026455027 0.20238095238095238 0.6296296296296297 0.2013888888888889 0.6769179894179894 0.19890873015873015 0.6795634920634921 0.17137896825396826 0.6798941798941799 0.1654265873015873 0.6822089947089947 0.1636904761904762 0.6765873015873016 0.16393849206349206 0.6329365079365079 0.16790674603174602 0.6283068783068783 0.17881944444444445 0.6276455026455027
0 0.27901785714285715 0.4226190476190476 0.2822420634920635 0.42493386243386244 0.28149801587301587 0.4642857142857143 0.2802579365079365 0.4718915343915344 0.27728174603174605 0.47354497354497355 0.24479166666666666 0.4728835978835979 0.24305555555555555 0.4685846560846561 0.24280753968253968 0.44907407407407407 0.24503968253968253 0.42427248677248675 0.2787698412698413 0.4226190476190476
0 0.16220238095238096 0.6312830687830688 0.16418650793650794 0.6329365079365079 0.1636904761904762 0.6795634920634921 0.1597222222222222 0.6845238095238095 0.13268849206349206 0.6838624338624338 0.12524801587301587 0.6815476190476191 0.12524801587301587 0.6458333333333334 0.12797619047619047 0.6322751322751323 0.1619543650793651 0.6312830687830688
0 0.31473214285714285 0.6789021164021164 0.3179563492063492 0.6825396825396826 0.3169642857142857 0.7308201058201058 0.28918650793650796 0.7337962962962963 0.2805059523809524 0.7334656084656085 0.2777777777777778 0.7308201058201058 0.2787698412698413 0.6822089947089947 0.2819940476190476 0.6802248677248677 0.314484126984127 0.6789021164021164
0 0.1212797619047619 0.47685185185185186 0.13020833333333334 0.47784391534391535 0.13268849206349206 0.4808201058201058 0.1314484126984127 0.5261243386243386 0.09796626984126984 0.5281084656084656 0.0920138888888889 0.52744708994709 0.09052579365079365 0.5228174603174603 0.09250992063492064 0.4808201058201058 0.09672619047619048 0.4771825396825397 0.12103174603174603 0.47685185185185186
0 0.5835813492063492 0.37566137566137564 0.5887896825396826 0.37962962962962965 0.5885416666666666 0.42394179894179895 0.5729166666666666 0.4262566137566138 0.5515873015873016 0.4252645502645503 0.5503472222222222 0.38095238095238093 0.5572916666666666 0.376984126984127 0.5833333333333334 0.37566137566137564
0 0.9280753968253969 0.1789021164021164 0.9312996031746031 0.18551587301587302 0.9327876984126984 0.21197089947089948 0.9325396825396826 0.22387566137566137 0.9288194444444444 0.22850529100529102 0.8965773809523809 0.22685185185185186 0.8938492063492064 0.22387566137566137 0.894593253968254 0.17923280423280424 0.9278273809523809 0.1789021164021164
0 0.8531746031746031 0.17526455026455026 0.8561507936507936 0.18551587301587302 0.855406746031746 0.22288359788359788 0.8524305555555556 0.22552910052910052 0.8268849206349206 0.22585978835978837 0.8179563492063492 0.22552910052910052 0.8159722222222222 0.22288359788359788 0.8159722222222222 0.17824074074074073 0.8196924603174603 0.17526455026455026 0.8529265873015873 0.17526455026455026
0 0.28149801587301587 0.3253968253968254 0.28348214285714285 0.328042328042328 0.28273809523809523 0.37202380952380953 0.24875992063492064 0.3740079365079365 0.24479166666666666 0.373015873015873 0.2442956349206349 0.3707010582010582 0.24479166666666666 0.3273809523809524 0.24925595238095238 0.32506613756613756 0.28125 0.3253968253968254
0 0.6614583333333334 0.42724867724867727 0.6654265873015873 0.42857142857142855 0.6661706349206349 0.4312169312169312 0.6661706349206349 0.4738756613756614 0.6617063492063492 0.4781746031746032 0.6428571428571429 0.478505291005291 0.6277281746031746 0.4771825396825397 0.6282242063492064 0.42956349206349204 0.6612103174603174 0.42724867724867727
0 0.31820436507936506 0.5750661375661376 0.32068452380952384 0.578042328042328 0.3194444444444444 0.6233465608465608 0.30158730158730157 0.6263227513227513 0.28249007936507936 0.6263227513227513 0.2795138888888889 0.6243386243386243 0.2802579365079365 0.5783730158730159 0.2822420634920635 0.5763888888888888 0.3179563492063492 0.5750661375661376
0 0.863343253968254 0.5767195767195767 0.8678075396825397 0.578042328042328 0.8685515873015873 0.5810185185185185 0.8702876984126984 0.6266534391534392 0.8673115079365079 0.628968253968254 0.841765873015873 0.6299603174603174 0.8335813492063492 0.6299603174603174 0.8306051587301587 0.6273148148148148 0.8296130952380952 0.5793650793650794 0.8630952380952381 0.5767195767195767
0 0.8229166666666666 0.4738756613756614 0.8234126984126984 0.4279100529100529 0.8591269841269841 0.42658730158730157 0.8611111111111112 0.4619708994708995 0.859375 0.4751984126984127 0.8271329365079365 0.47685185185185186 0.8231646825396826 0.4742063492063492
0 0.42981150793650796 0.42328042328042326 0.4337797619047619 0.4252645502645503 0.4320436507936508 0.4728835978835979 0.4087301587301587 0.4742063492063492 0.39732142857142855 0.4738756613756614 0.3958333333333333 0.4708994708994709 0.3968253968253968 0.4252645502645503 0.42956349206349204 0.42328042328042326
0 0.7413194444444444 0.4252645502645503 0.7455357142857143 0.4322089947089947 0.7447916666666666 0.47255291005291006 0.7415674603174603 0.47619047619047616 0.7356150793650794 0.4771825396825397 0.7100694444444444 0.4771825396825397 0.7058531746031746 0.47453703703703703 0.705109126984127 0.42857142857142855 0.7115575396825397 0.4262566137566138 0.7410714285714286 0.4252645502645503
0 0.30158730158730157 0.4712301587301587 0.31919642857142855 0.4732142857142857 0.3211805555555556 0.4791666666666667 0.3216765873015873 0.49404761904761907 0.31994047619047616 0.5221560846560847 0.3013392857142857 0.5234788359788359 0.2829861111111111 0.5234788359788359 0.28100198412698413 0.5205026455026455 0.2802579365079365 0.5109126984126984 0.28075396825396826 0.48148148148148145 0.28249007936507936 0.4738756613756614 0.3013392857142857 0.4712301587301587
0 0.3940972222222222 0.2744708994708995 0.39632936507936506 0.2794312169312169 0.39732142857142855 0.3187830687830688 0.39459325396825395 0.32407407407407407 0.359375 0.3230820105820106 0.3583829365079365 0.31812169312169314 0.359375 0.2757936507936508 0.39384920634920634 0.2744708994708995
0 0.4990079365079365 0.42493386243386244 0.5084325396825397 0.42724867724867727 0.5094246031746031 0.4738756613756614 0.48313492063492064 0.4771825396825397 0.4742063492063492 0.47685185185185186 0.4714781746031746 0.4742063492063492 0.4712301587301587 0.42857142857142855 0.4739583333333333 0.42592592592592593 0.49875992063492064 0.42493386243386244
0 0.4801587301587302 0.2771164021164021 0.5091765873015873 0.2771164021164021 0.5121527777777778 0.2791005291005291 0.5131448412698413 0.31316137566137564 0.5119047619047619 0.32572751322751325 0.5091765873015873 0.32837301587301587 0.482390873015873 0.32837301587301587 0.4749503968253968 0.32572751322751325 0.4751984126984127 0.2794312169312169 0.4799107142857143 0.2771164021164021
0 0.8747519841269841 0.17625661375661375 0.8921130952380952 0.17857142857142858 0.8940972222222222 0.1917989417989418 0.8936011904761905 0.22354497354497355 0.890625 0.2261904761904762 0.8784722222222222 0.22718253968253968 0.8583829365079365 0.22718253968253968 0.8551587301587301 0.22420634920634921 0.8571428571428571 0.21825396825396826 0.8563988095238095 0.1779100529100529 0.8745039682539683 0.17625661375661375
0 0.5714285714285714 0.4279100529100529 0.5873015873015873 0.42824074074074076 0.5900297619047619 0.4312169312169312 0.5885416666666666 0.4738756613756614 0.5538194444444444 0.4771825396825397 0.5503472222222222 0.4705687830687831 0.5513392857142857 0.4298941798941799 0.5530753968253969 0.4279100529100529 0.5711805555555556 0.4279100529100529
0 0.3950892857142857 0.42394179894179895 0.39533730158730157 0.4705687830687831 0.39384920634920634 0.47354497354497355 0.3869047619047619 0.4738756613756614 0.36160714285714285 0.4738756613756614 0.35788690476190477 0.4705687830687831 0.35813492063492064 0.42923280423280424 0.35962301587301587 0.4255952380952381 0.3655753968253968 0.42394179894179895 0.3948412698412698 0.42394179894179895
0 0.10515873015873016 0.6832010582010583 0.12375992063492064 0.683531746031746 0.1267361111111111 0.6881613756613757 0.12450396825396826 0.7311507936507936 0.12301587301587301 0.7347883597883598 0.11607142857142858 0.7367724867724867 0.0873015873015873 0.7361111111111112 0.08308531746031746 0.7321428571428571 0.08581349206349206 0.685515873015873 0.10491071428571429 0.6832010582010583
0 0.35367063492063494 0.42294973544973546 0.35813492063492064 0.4252645502645503 0.3583829365079365 0.47023809523809523 0.3524305555555556 0.4742063492063492 0.3209325396825397 0.47354497354497355 0.3194444444444444 0.4497354497354497 0.3211805555555556 0.42394179894179895 0.35342261904761907 0.42294973544973546
0 0.29389880952380953 0.42228835978835977 0.3179563492063492 0.4226190476190476 0.32018849206349204 0.4252645502645503 0.3194444444444444 0.46726190476190477 0.3177083333333333 0.4728835978835979 0.2822420634920635 0.4705687830687831 0.28273809523809523 0.42757936507936506 0.2854662698412698 0.42294973544973546 0.29365079365079366 0.42228835978835977
0 0.12375992063492064 0.5281084656084656 0.13020833333333334 0.5287698412698413 0.13194444444444445 0.5324074074074074 0.13020833333333334 0.5750661375661376 0.125 0.5790343915343915 0.09300595238095238 0.5787037037037037 0.08978174603174603 0.5750661375661376 0.0920138888888889 0.5300925925925926 0.12351190476190477 0.5281084656084656
0 0.8759920634920635 0.5770502645502645 0.9087301587301587 0.5796957671957672 0.9107142857142857 0.6207010582010583 0.9104662698412699 0.626984126984127 0.908234126984127 0.6306216931216931 0.8784722222222222 0.6299603174603174 0.8702876984126984 0.626984126984127 0.8687996031746031 0.5803571428571429 0.8692956349206349 0.578042328042328 0.8757440476190477 0.5770502645502645
0 0.5620039682539683 0.4771825396825397 0.5858134920634921 0.47685185185185186 0.5895337301587301 0.4794973544973545 0.5900297619047619 0.5231481481481481 0.5885416666666666 0.5271164021164021 0.582093253968254 0.52744708994709 0.5518353174603174 0.5257936507936508 0.5518353174603174 0.4808201058201058 0.5535714285714286 0.4781746031746032 0.5617559523809523 0.4771825396825397
0 0.5776289682539683 0.5277777777777778 0.5875496031746031 0.5284391534391535 0.5892857142857143 0.5307539682539683 0.589781746031746 0.5773809523809523 0.5868055555555556 0.5793650793650794 0.5639880952380952 0.5796957671957672 0.5520833333333334 0.5777116402116402 0.5505952380952381 0.5324074074074074 0.5535714285714286 0.5281084656084656 0.5773809523809523 0.5277777777777778
0 0.16021825396825398 0.7886904761904762 0.16245039682539683 0.792989417989418 0.16145833333333334 0.841931216931217 0.1453373015873016 0.8452380952380952 0.12574404761904762 0.8452380952380952 0.12301587301587301 0.8432539682539683 0.12301587301587301 0.7933201058201058 0.12921626984126985 0.7896825396825397 0.15997023809523808 0.7886904761904762
0 0.3931051587301587 0.37367724867724866 0.39558531746031744 0.37632275132275134 0.39558531746031744 0.42162698412698413 0.39384920634920634 0.4236111111111111 0.3611111111111111 0.4246031746031746 0.35788690476190477 0.42162698412698413 0.35714285714285715 0.41203703703703703 0.35788690476190477 0.3759920634920635 0.3618551587301587 0.37367724867724866 0.39285714285714285 0.37367724867724866
0 0.4714781746031746 0.32605820105820105 0.4739583333333333 0.3306878306878307 0.47371031746031744 0.37367724867724866 0.47098214285714285 0.3759920634920635 0.43601190476190477 0.37433862433862436 0.435515873015873 0.3501984126984127 0.43774801587301587 0.3273809523809524 0.4712301587301587 0.32605820105820105
0 0.5850694444444444 0.328042328042328 0.5877976190476191 0.3343253968253968 0.5877976190476191 0.37367724867724866 0.5535714285714286 0.3776455026455027 0.5503472222222222 0.3773148148148148 0.5496031746031746 0.373015873015873 0.5500992063492064 0.33101851851851855 0.5637400793650794 0.32771164021164023 0.5848214285714286 0.328042328042328
0 0.2564484126984127 0.37334656084656087 0.28000992063492064 0.37367724867724866 0.28273809523809523 0.37466931216931215 0.28447420634920634 0.37896825396825395 0.2829861111111111 0.42063492063492064 0.28000992063492064 0.42294973544973546 0.25967261904761907 0.42328042328042326 0.2465277777777778 0.42294973544973546 0.24404761904761904 0.4183201058201058 0.24479166666666666 0.37533068783068785 0.2562003968253968 0.37334656084656087
0 0.7641369047619048 0.5793650793650794 0.7862103174603174 0.5790343915343915 0.7886904761904762 0.5813492063492064 0.7906746031746031 0.58994708994709 0.7911706349206349 0.6183862433862434 0.7899305555555556 0.6299603174603174 0.7869543650793651 0.6312830687830688 0.7522321428571429 0.6299603174603174 0.7512400793650794 0.5813492063492064 0.7638888888888888 0.5793650793650794
0 0.45709325396825395 0.375 0.4714781746031746 0.37797619047619047 0.47172619047619047 0.419973544973545 0.47023809523809523 0.4255952380952381 0.4347718253968254 0.4246031746031746 0.4350198412698413 0.37665343915343913 0.4568452380952381 0.375
0 0.8149801587301587 0.4252645502645503 0.8219246031746031 0.42923280423280424 0.8234126984126984 0.4699074074074074 0.8216765873015873 0.4751984126984127 0.8137400793650794 0.4771825396825397 0.7869543650793651 0.4771825396825397 0.7839781746031746 0.4751984126984127 0.783234126984127 0.4289021164021164 0.7894345238095238 0.4262566137566138 0.8147321428571429 0.4252645502645503
0 0.12351190476190477 0.6309523809523809 0.1259920634920635 0.6332671957671958 0.12351190476190477 0.6828703703703703 0.08854166666666667 0.6822089947089947 0.08606150793650794 0.673941798941799 0.08854166666666667 0.6332671957671958 0.1232638888888889 0.6309523809523809
0 0.5815972222222222 0.2791005291005291 0.5850694444444444 0.2794312169312169 0.5870535714285714 0.28505291005291006 0.5875496031746031 0.3247354497354497 0.5850694444444444 0.3273809523809524 0.5528273809523809 0.32705026455026454 0.5496031746031746 0.31845238095238093 0.5496031746031746 0.2824074074074074 0.5510912698412699 0.27976190476190477 0.5813492063492064 0.2791005291005291
0 0.7569444444444444 0.42493386243386244 0.7760416666666666 0.4246031746031746 0.7839781746031746 0.42857142857142855 0.7842261904761905 0.4708994708994709 0.7810019841269841 0.47453703703703703 0.7517361111111112 0.4748677248677249 0.7455357142857143 0.47354497354497355 0.7452876984126984 0.42824074074074076 0.7566964285714286 0.42493386243386244
0 0.20163690476190477 0.7863756613756614 0.20337301587301587 0.7893518518518519 0.2021329365079365 0.8379629629629629 0.19618055555555555 0.8416005291005291 0.17708333333333334 0.8422619047619048 0.1636904761904762 0.8422619047619048 0.16220238095238096 0.83994708994709 0.16170634920634921 0.7966269841269841 0.16319444444444445 0.7903439153439153 0.2013888888888889 0.7863756613756614
0 0.08308531746031746 0.7896825396825397 0.08531746031746032 0.7936507936507936 0.08283730158730158 0.8425925925925926 0.07911706349206349 0.8452380952380952 0.04811507936507937 0.8478835978835979 0.044642857142857144 0.8462301587301587 0.04365079365079365 0.8402777777777778 0.0441468253968254 0.7962962962962963 0.049107142857142856 0.792989417989418 0.08283730158730158 0.7896825396825397
0 0.9077380952380952 0.22685185185185186 0.9317956349206349 0.2294973544973545 0.9340277777777778 0.2585978835978836 0.9325396825396826 0.2751322751322751 0.9077380952380952 0.2761243386243386 0.8936011904761905 0.27546296296296297 0.8913690476190477 0.2443783068783069 0.8918650793650794 0.2337962962962963 0.8940972222222222 0.22916666666666666 0.9074900793650794 0.22685185185185186
0 0.8918650793650794 0.32671957671957674 0.8943452380952381 0.328042328042328 0.8953373015873016 0.33465608465608465 0.8975694444444444 0.373015873015873 0.8916170634920635 0.376984126984127 0.8640873015873016 0.3783068783068783 0.8586309523809523 0.37566137566137564 0.8581349206349206 0.32837301587301587 0.8916170634920635 0.32671957671957674
0 0.1195436507936508 0.7906746031746031 0.1232638888888889 0.7933201058201058 0.12177579365079365 0.8449074074074074 0.09126984126984126 0.8472222222222222 0.08506944444444445 0.8462301587301587 0.08283730158730158 0.8425925925925926 0.08482142857142858 0.7953042328042328 0.08804563492063493 0.7923280423280423 0.11929563492063493 0.791005291005291
0 0.4742063492063492 0.27744708994708994 0.4756944444444444 0.28273809523809523 0.47470238095238093 0.32175925925925924 0.47371031746031744 0.3253968253968254 0.4670138888888889 0.32705026455026454 0.43725198412698413 0.3244047619047619 0.4382440476190476 0.2820767195767196 0.44221230158730157 0.2777777777777778 0.4739583333333333 0.27744708994708994
0 0.9047619047619048 0.32506613756613756 0.9340277777777778 0.32771164021164023 0.9357638888888888 0.33630952380952384 0.9360119047619048 0.373015873015873 0.9253472222222222 0.376984126984127 0.9007936507936508 0.37665343915343913 0.8978174603174603 0.3740079365079365 0.8953373015873016 0.328042328042328 0.9045138888888888 0.32506613756613756
0 0.8249007936507936 0.5783730158730159 0.8283730158730159 0.580026455026455 0.8293650793650794 0.5882936507936508 0.830109126984127 0.6266534391534392 0.8296130952380952 0.6299603174603174 0.826140873015873 0.6312830687830688 0.7911706349206349 0.6299603174603174 0.7899305555555556 0.5810185185185185 0.792906746031746 0.5790343915343915 0.8246527777777778 0.5783730158730159
0 0.7085813492063492 0.580026455026455 0.7113095238095238 0.5813492063492064 0.7123015873015873 0.5876322751322751 0.7120535714285714 0.6283068783068783 0.7100694444444444 0.6312830687830688 0.7021329365079365 0.6316137566137566 0.6775793650793651 0.6306216931216931 0.6713789682539683 0.6276455026455027 0.6703869047619048 0.5846560846560847 0.6716269841269841 0.5806878306878307 0.6755952380952381 0.5796957671957672 0.7083333333333334 0.580026455026455
0 0.19940476190476192 0.6798941798941799 0.20436507936507936 0.6822089947089947 0.20238095238095238 0.7308201058201058 0.16418650793650794 0.7321428571428571 0.16145833333333334 0.7271825396825397 0.1626984126984127 0.6921296296296297 0.16493055555555555 0.6808862433862434 0.19915674603174602 0.6802248677248677
0 0.7817460317460317 0.5267857142857143 0.7862103174603174 0.5287698412698413 0.7867063492063492 0.531415343915344 0.7884424603174603 0.5608465608465608 0.7874503968253969 0.5777116402116402 0.7534722222222222 0.580026455026455 0.7482638888888888 0.5777116402116402 0.7470238095238095 0.5734126984126984 0.746031746031746 0.5297619047619048 0.7490079365079365 0.5277777777777778 0.7814980158730159 0.5267857142857143
0 0.39285714285714285 0.3230820105820106 0.3960813492063492 0.32771164021164023 0.3968253968253968 0.37003968253968256 0.3940972222222222 0.37334656084656087 0.35912698412698413 0.3726851851851852 0.3576388888888889 0.3697089947089947 0.3583829365079365 0.32506613756613756 0.392609126984127 0.3230820105820106
0 0.3010912698412698 0.6263227513227513 0.3177083333333333 0.6263227513227513 0.32018849206349204 0.628968253968254 0.32018849206349204 0.6722883597883598 0.31473214285714285 0.6785714285714286 0.2926587301587302 0.6798941798941799 0.2822420634920635 0.6798941798941799 0.27827380952380953 0.6752645502645502 0.2802579365079365 0.6299603174603174 0.28273809523809523 0.6273148148148148 0.30084325396825395 0.6263227513227513
0 0.2648809523809524 0.27546296296296297 0.27976190476190477 0.2757936507936508 0.2829861111111111 0.27843915343915343 0.28422619047619047 0.32275132275132273 0.28273809523809523 0.32605820105820105 0.24454365079365079 0.32341269841269843 0.2452876984126984 0.2781084656084656 0.2490079365079365 0.2757936507936508 0.2646329365079365 0.27546296296296297
0 0.6237599206349206 0.4269179894179894 0.6272321428571429 0.42857142857142855 0.6274801587301587 0.45634920634920634 0.6264880952380952 0.47453703703703703 0.623015873015873 0.47784391534391535 0.5907738095238095 0.4771825396825397 0.5887896825396826 0.4738756613756614 0.5882936507936508 0.435515873015873 0.5912698412698413 0.42757936507936506 0.6235119047619048 0.4269179894179894
0 0.7132936507936508 0.7380952380952381 0.7162698412698413 0.7407407407407407 0.716765873015873 0.791005291005291 0.6793154761904762 0.7913359788359788 0.6768353174603174 0.7883597883597884 0.6753472222222222 0.7791005291005291 0.6755952380952381 0.7387566137566137 0.7130456349206349 0.7384259259259259
0 0.7802579365079365 0.47585978835978837 0.7842261904761905 0.4794973544973545 0.7862103174603174 0.5085978835978836 0.785218253968254 0.5248015873015873 0.7485119047619048 0.5277777777777778 0.7450396825396826 0.5261243386243386 0.7440476190476191 0.5224867724867724 0.7442956349206349 0.47784391534391535 0.7800099206349206 0.47585978835978837
0 0.8524305555555556 0.32506613756613756 0.8566468253968254 0.33035714285714285 0.8576388888888888 0.373015873015873 0.8231646825396826 0.37533068783068785 0.8182043650793651 0.375 0.8169642857142857 0.3723544973544973 0.8154761904761905 0.33564814814814814 0.8167162698412699 0.328042328042328 0.8226686507936508 0.32572751322751325 0.8521825396825397 0.32506613756613756
0 0.6825396825396826 0.4269179894179894 0.705109126984127 0.42923280423280424 0.7068452380952381 0.44742063492063494 0.7058531746031746 0.4732142857142857 0.7036210317460317 0.4771825396825397 0.6937003968253969 0.47784391534391535 0.6691468253968254 0.4775132275132275 0.6659226190476191 0.4738756613756614 0.6654265873015873 0.42857142857142855 0.6822916666666666 0.4269179894179894
0 0.12946428571428573 0.580026455026455 0.1307043650793651 0.5978835978835979 0.12872023809523808 0.6266534391534392 0.1267361111111111 0.6302910052910053 0.11731150793650794 0.6312830687830688 0.09176587301587301 0.6312830687830688 0.0882936507936508 0.628968253968254 0.08953373015873016 0.5846560846560847 0.09176587301587301 0.580026455026455 0.12921626984126985 0.580026455026455
0 0.7777777777777778 0.37533068783068785 0.7797619047619048 0.3792989417989418 0.7805059523809523 0.392526455026455 0.7800099206349206 0.42228835978835977 0.7455357142857143 0.4262566137566138 0.7398313492063492 0.42162698412698413 0.7398313492063492 0.3773148148148148 0.7514880952380952 0.3740079365079365 0.7775297619047619 0.37533068783068785
0 0.17559523809523808 0.732473544973545 0.20014880952380953 0.7321428571428571 0.203125 0.7341269841269841 0.2013888888888889 0.783068783068783 0.1932043650793651 0.7867063492063492 0.16964285714285715 0.7870370370370371 0.1644345238095238 0.7870370370370371 0.1609623015873016 0.7833994708994709 0.1619543650793651 0.7394179894179894 0.16493055555555555 0.732473544973545 0.1753472222222222 0.732473544973545
0 0.8343253968253969 0.375 0.857390873015873 0.37665343915343913 0.859375 0.4226190476190476 0.8497023809523809 0.42592592592592593 0.8246527777777778 0.42658730158730157 0.8206845238095238 0.4252645502645503 0.8189484126984127 0.4212962962962963 0.816468253968254 0.38062169312169314 0.8206845238095238 0.37566137566137564 0.8340773809523809 0.375
0 0.7472718253968254 0.5803571428571429 0.7497519841269841 0.583994708994709 0.7507440476190477 0.5949074074074074 0.75 0.6299603174603174 0.7316468253968254 0.6322751322751323 0.7123015873015873 0.6296296296296297 0.7120535714285714 0.5816798941798942 0.7470238095238095 0.5803571428571429
0 0.21180555555555555 0.6259920634920635 0.24156746031746032 0.626984126984127 0.24032738095238096 0.6749338624338624 0.23834325396825398 0.6785714285714286 0.20734126984126985 0.6795634920634921 0.203125 0.6785714285714286 0.20188492063492064 0.6755952380952381 0.20262896825396826 0.6296296296296297 0.2058531746031746 0.6263227513227513 0.21155753968253968 0.6259920634920635
0 0.47172619047619047 0.22916666666666666 0.4751984126984127 0.23313492063492064 0.4749503968253968 0.2757936507936508 0.44494047619047616 0.2777777777777778 0.4392361111111111 0.27744708994708994 0.4382440476190476 0.273478835978836 0.43874007936507936 0.23082010582010581 0.4714781746031746 0.22916666666666666
0 0.6750992063492064 0.6838624338624338 0.7132936507936508 0.6851851851851852 0.7155257936507936 0.7179232804232805 0.7155257936507936 0.7347883597883598 0.7137896825396826 0.7371031746031746 0.6770833333333334 0.7357804232804233 0.6743551587301587 0.7235449735449735 0.6736111111111112 0.6898148148148148 0.6750992063492064 0.6841931216931217
0 0.6889880952380952 0.6319444444444444 0.7120535714285714 0.6335978835978836 0.7137896825396826 0.6818783068783069 0.7110615079365079 0.6845238095238095 0.673859126984127 0.6822089947089947 0.6721230158730159 0.6335978835978836 0.6746031746031746 0.6312830687830688 0.6887400793650794 0.6319444444444444
0 0.24925595238095238 0.6259920634920635 0.2767857142857143 0.6259920634920635 0.28000992063492064 0.6283068783068783 0.279265873015873 0.6752645502645502 0.2743055555555556 0.6792328042328042 0.24603174603174602 0.6792328042328042 0.24107142857142858 0.6769179894179894 0.2425595238095238 0.626984126984127 0.2490079365079365 0.6259920634920635
0 0.3177083333333333 0.5234788359788359 0.32043650793650796 0.5297619047619048 0.32068452380952384 0.5714285714285714 0.3194444444444444 0.5744047619047619 0.3142361111111111 0.5753968253968254 0.28100198412698413 0.5744047619047619 0.28075396825396826 0.5337301587301587 0.28273809523809523 0.5244708994708994 0.31746031746031744 0.5234788359788359
0 0.5250496031746031 0.2787698412698413 0.5471230158730159 0.2791005291005291 0.5493551587301587 0.28174603174603174 0.5498511904761905 0.32506613756613756 0.5486111111111112 0.32837301587301587 0.5424107142857143 0.3296957671957672 0.5131448412698413 0.328042328042328 0.5126488095238095 0.28273809523809523 0.5153769841269841 0.2791005291005291 0.5248015873015873 0.2787698412698413