0 0.8141276041666666 0.2752450980392157 0.8173828125 0.2757352941176471 0.8190104166666666 0.278921568627451 0.8212890625 0.3029411764705882 0.8196614583333334 0.30857843137254903 0.8131510416666666 0.3107843137254902 0.7845052083333334 0.31151960784313726 0.7718098958333334 0.31029411764705883 0.7711588541666666 0.2784313725490196 0.78125 0.27598039215686276 0.8138020833333334 0.2752450980392157
0 0.4368489583333333 0.45637254901960783 0.4807942708333333 0.4549019607843137 0.482421875 0.45784313725490194 0.4807942708333333 0.48946078431372547 0.4775390625 0.4909313725490196 0.4391276041666667 0.49117647058823527 0.435546875 0.48970588235294116 0.4345703125 0.4860294117647059 0.4368489583333333 0.4566176470588235
0 0.15104166666666666 0.6019607843137255 0.181640625 0.6034313725490196 0.18522135416666666 0.6058823529411764 0.17936197916666666 0.6338235294117647 0.17513020833333334 0.641421568627451 0.13736979166666666 0.6384803921568627 0.12923177083333334 0.6362745098039215 0.13639322916666666 0.6036764705882353 0.15071614583333334 0.6019607843137255
0 0.6715494791666666 0.2772058823529412 0.6744791666666666 0.28259803921568627 0.6741536458333334 0.30808823529411766 0.671875 0.3105392156862745 0.662109375 0.3110294117647059 0.6295572916666666 0.31004901960784315 0.6276041666666666 0.28137254901960784 0.6315104166666666 0.2784313725490196 0.6712239583333334 0.2772058823529412
0 0.3209635416666667 0.5681372549019608 0.3258463541666667 0.5698529411764706 0.3264973958333333 0.5725490196078431 0.322265625 0.6017156862745098 0.3177083333333333 0.6058823529411764 0.2796223958333333 0.604656862745098 0.275390625 0.6029411764705882 0.2747395833333333 0.5985294117647059 0.2786458333333333 0.5742647058823529 0.2825520833333333 0.5686274509803921 0.3206380208333333 0.5681372549019608
0 0.16715494791666666 0.5479166666666667 0.0537109375 0.03504901960784314
0 0.5 0.3475490196078431 0.5335286458333334 0.34877450980392155 0.5319010416666666 0.37769607843137254 0.5296223958333334 0.38112745098039214 0.4869791666666667 0.3799019607843137 0.4892578125 0.3512254901960784 0.4915364583333333 0.3482843137254902 0.4996744791666667 0.3475490196078431
0 0.71875 0.27598039215686276 0.7216796875 0.2791666666666667 0.720703125 0.3095588235294118 0.6901041666666666 0.31151960784313726 0.6761067708333334 0.3105392156862745 0.6748046875 0.27941176470588236 0.6848958333333334 0.2769607843137255 0.7184244791666666 0.27598039215686276
0 0.13802083333333334 0.5617647058823529 0.140625 0.5647058823529412 0.1337890625 0.5975490196078431 0.107421875 0.5980392156862745 0.09407552083333333 0.5977941176470588 0.09049479166666667 0.5958333333333333 0.09505208333333333 0.5637254901960784 0.10384114583333333 0.5620098039215686 0.1376953125 0.5617647058823529
0 0.3388671875 0.4218137254901961 0.3473307291666667 0.425 0.3444010416666667 0.45441176470588235 0.341796875 0.45637254901960783 0.3004557291666667 0.4573529411764706 0.2981770833333333 0.445343137254902 0.30078125 0.425 0.3063151041666667 0.4227941176470588 0.3385416666666667 0.4218137254901961
0 0.15885416666666666 0.5649509803921569 0.1787109375 0.5654411764705882 0.18522135416666666 0.5674019607843137 0.181640625 0.5990196078431372 0.1787109375 0.6014705882352941 0.171875 0.6022058823529411 0.1396484375 0.6009803921568627 0.1357421875 0.5987745098039216 0.140625 0.566421568627451 0.14388020833333334 0.5647058823529412 0.15852864583333334 0.5649509803921569
0 0.3587239583333333 0.45612745098039215 0.388671875 0.4571078431372549 0.3876953125 0.48848039215686273 0.3863932291666667 0.49117647058823527 0.380859375 0.49166666666666664 0.3489583333333333 0.49166666666666664 0.341796875 0.4892156862745098 0.3444010416666667 0.4588235294117647 0.3583984375 0.45612745098039215
0 0.5719401041666666 0.3458333333333333 0.5777994791666666 0.346078431372549 0.5807291666666666 0.34877450980392155 0.580078125 0.3803921568627451 0.5416666666666666 0.38259803921568625 0.5345052083333334 0.3801470588235294 0.5364583333333334 0.34901960784313724 0.5716145833333334 0.3458333333333333
0 0.3414713541666667 0.4568627450980392 0.34375 0.4615196078431373 0.3395182291666667 0.49117647058823527 0.3004557291666667 0.492156862745098 0.2962239583333333 0.4906862745098039 0.294921875 0.4877450980392157 0.3001302083333333 0.4588235294117647 0.3411458333333333 0.4568627450980392
0 0.2659505208333333 0.5276960784313726 0.2861328125 0.5291666666666667 0.287109375 0.5340686274509804 0.2822265625 0.5615196078431373 0.2796223958333333 0.5639705882352941 0.2610677083333333 0.5642156862745098 0.23795572916666666 0.5639705882352941 0.23372395833333334 0.5598039215686275 0.23763020833333334 0.5333333333333333 0.24055989583333334 0.5286764705882353 0.265625 0.5276960784313726
0 0.3463541666666667 0.3897058823529412 0.3541666666666667 0.39044117647058824 0.3567708333333333 0.39362745098039215 0.3544921875 0.42058823529411765 0.3505859375 0.42401960784313725 0.3317057291666667 0.4198529411764706 0.3128255208333333 0.42254901960784313 0.3072916666666667 0.4193627450980392 0.310546875 0.39215686274509803 0.3310546875 0.3894607843137255 0.3460286458333333 0.3897058823529412
0 0.4261067708333333 0.4553921568627451 0.4358723958333333 0.45637254901960783 0.4339192708333333 0.48946078431372547 0.4287109375 0.4919117647058823 0.3896484375 0.49117647058823527 0.3876953125 0.48504901960784313 0.3902994791666667 0.4568627450980392 0.42578125 0.4553921568627451
0 0.2659505208333333 0.4571078431372549 0.296875 0.45955882352941174 0.29296875 0.48799019607843136 0.2900390625 0.49240196078431375 0.2509765625 0.49166666666666664 0.24641927083333334 0.48995098039215684 0.24544270833333334 0.48504901960784313 0.2516276041666667 0.45955882352941174 0.2555338541666667 0.4571078431372549 0.265625 0.4571078431372549
0 0.6429036458333334 0.3112745098039216 0.6751302083333334 0.3112745098039216 0.6764322916666666 0.31862745098039214 0.6735026041666666 0.3409313725490196 0.671875 0.3426470588235294 0.6617838541666666 0.34362745098039216 0.6311848958333334 0.34387254901960784 0.626953125 0.34338235294117647 0.6256510416666666 0.34068627450980393 0.6295572916666666 0.31323529411764706 0.6331380208333334 0.3110294117647059 0.642578125 0.3112745098039216
0 0.2737630208333333 0.4933823529411765 0.2903645833333333 0.49387254901960786 0.2932942708333333 0.49607843137254903 0.2906901041666667 0.5225490196078432 0.2867838541666667 0.5281862745098039 0.24153645833333334 0.5259803921568628 0.24609375 0.4948529411764706 0.2503255208333333 0.4931372549019608 0.2734375 0.4933823529411765
0 0.22265625 0.5642156862745098 0.2314453125 0.567156862745098 0.22819010416666666 0.5992647058823529 0.224609375 0.600735294117647 0.19270833333333334 0.6012254901960784 0.18522135416666666 0.6012254901960784 0.18229166666666666 0.5990196078431372 0.18587239583333334 0.5676470588235294 0.19140625 0.5642156862745098 0.22233072916666666 0.5642156862745098
0 0.5504557291666666 0.3156862745098039 0.5745442708333334 0.3154411764705882 0.5787760416666666 0.3174019607843137 0.578125 0.3448529411764706 0.5374348958333334 0.3480392156862745 0.5319010416666666 0.34534313725490196 0.5328776041666666 0.3178921568627451 0.5364583333333334 0.3159313725490196 0.5501302083333334 0.3156862745098039
0 0.353515625 0.35808823529411765 0.3564453125 0.3602941176470588 0.357421875 0.3659313725490196 0.3557942708333333 0.3894607843137255 0.3313802083333333 0.3889705882352941 0.318359375 0.3909313725490196 0.3111979166666667 0.3909313725490196 0.3102213541666667 0.3894607843137255 0.3118489583333333 0.3610294117647059 0.3190104166666667 0.358578431372549 0.3531901041666667 0.35808823529411765
0 0.11686197916666667 0.721078431372549 0.12272135416666667 0.7225490196078431 0.14811197916666666 0.7213235294117647 0.15755208333333334 0.7237745098039216 0.154296875 0.7524509803921569 0.15169270833333334 0.7600490196078431 0.14778645833333334 0.7620098039215686 0.10221354166666667 0.7600490196078431 0.10677083333333333 0.7245098039215686 0.10904947916666667 0.7218137254901961 0.11653645833333333 0.721078431372549
0 0.7662760416666666 0.2767156862745098 0.7698567708333334 0.27965686274509804 0.7705078125 0.31029411764705883 0.7376302083333334 0.31299019607843137 0.7265625 0.31299019607843137 0.7223307291666666 0.3105392156862745 0.7236328125 0.278921568627451 0.7659505208333334 0.2767156862745098
0 0.8714192708333334 0.2774509803921569 0.8763020833333334 0.28088235294117647 0.8759765625 0.30416666666666664 0.8743489583333334 0.3110294117647059 0.8681640625 0.31323529411764706 0.8264973958333334 0.31200980392156863 0.8245442708333334 0.3090686274509804 0.8255208333333334 0.28284313725490196 0.8271484375 0.2786764705882353 0.8310546875 0.2772058823529412 0.87109375 0.2774509803921569
0 0.671875 0.3426470588235294 0.6767578125 0.34534313725490196 0.6770833333333334 0.3497549019607843 0.6767578125 0.375 0.6722005208333334 0.37892156862745097 0.630859375 0.3781862745098039 0.6279296875 0.3495098039215686 0.6292317708333334 0.34558823529411764 0.6334635416666666 0.34387254901960784 0.6578776041666666 0.34558823529411764 0.6715494791666666 0.3426470588235294
0 0.13346354166666666 0.6379901960784313 0.1767578125 0.6431372549019608 0.16731770833333334 0.6786764705882353 0.16178385416666666 0.6806372549019608 0.1337890625 0.678921568627451 0.11881510416666667 0.6737745098039216 0.12760416666666666 0.6411764705882353 0.12955729166666666 0.6384803921568627 0.13313802083333334 0.638235294117647
0 0.353515625 0.3269607843137255 0.3557942708333333 0.3306372549019608 0.35546875 0.3568627450980392 0.3141276041666667 0.35955882352941176 0.3102213541666667 0.3556372549019608 0.3115234375 0.3299019607843137 0.3401692708333333 0.3264705882352941 0.3531901041666667 0.3269607843137255
0 0.3701171875 0.5708333333333333 0.373046875 0.571078431372549 0.3753255208333333 0.5747549019607843 0.373046875 0.6041666666666666 0.3697916666666667 0.6083333333333333 0.3271484375 0.6078431372549019 0.3225911458333333 0.6058823529411764 0.32421875 0.5825980392156863 0.328125 0.5713235294117647 0.3697916666666667 0.5708333333333333
0 0.6502278645833334 0.2616421568627451 0.047200520833333336 0.03455882352941177
0 0.5279947916666666 0.4181372549019608 0.5309244791666666 0.421078431372549 0.5315755208333334 0.4504901960784314 0.529296875 0.45245098039215687 0.50390625 0.45269607843137255 0.484375 0.4514705882352941 0.4840494791666667 0.42083333333333334 0.4876302083333333 0.41911764705882354 0.5276692708333334 0.4181372549019608
0 0.56005859375 0.3002450980392157 0.047200520833333336 0.03333333333333333
0 0.4912109375 0.4531862745098039 0.4983723958333333 0.45465686274509803 0.5211588541666666 0.45294117647058824 0.5299479166666666 0.45416666666666666 0.5283203125 0.4875 0.4830729166666667 0.48799019607843136 0.4830729166666667 0.4566176470588235 0.4908854166666667 0.4534313725490196
0 0.576171875 0.25220588235294117 0.5797526041666666 0.2553921568627451 0.5813802083333334 0.2838235294117647 0.5397135416666666 0.28627450980392155 0.5364583333333334 0.28112745098039216 0.5358072916666666 0.25612745098039214 0.5758463541666666 0.25220588235294117
0 0.1357421875 0.6808823529411765 0.16861979166666666 0.6813725490196079 0.171875 0.6830882352941177 0.16829427083333334 0.7174019607843137 0.16569010416666666 0.7205882352941176 0.1591796875 0.7220588235294118 0.12044270833333333 0.7213235294117647 0.1162109375 0.7191176470588235 0.1201171875 0.6852941176470588 0.123046875 0.6816176470588236 0.13541666666666666 0.6808823529411765
0 0.24609375 0.5644607843137255 0.2760416666666667 0.5644607843137255 0.2789713541666667 0.5661764705882353 0.2760416666666667 0.5928921568627451 0.2724609375 0.6012254901960784 0.23046875 0.6009803921568627 0.22884114583333334 0.5995098039215686 0.23177083333333334 0.5678921568627451 0.234375 0.5654411764705882 0.24576822916666666 0.5644607843137255
0 0.5032552083333334 0.38112745098039214 0.5325520833333334 0.382843137254902 0.5305989583333334 0.41274509803921566 0.5296223958333334 0.41544117647058826 0.5263671875 0.4161764705882353 0.4993489583333333 0.4166666666666667 0.4833984375 0.4149509803921569 0.484375 0.3911764705882353 0.4876302083333333 0.3816176470588235 0.5029296875 0.38112745098039214
0 0.6233723958333334 0.3448529411764706 0.6279296875 0.3480392156862745 0.6272786458333334 0.3799019607843137 0.58984375 0.38235294117647056 0.5817057291666666 0.3801470588235294 0.5817057291666666 0.34877450980392155 0.623046875 0.3448529411764706