0 0.2591273374888691 0.87278641127575 0.28762243989314334 0.8764004336826888 0.28851291184327693 0.8818214672930972 0.28495102404274264 0.9107336465486086 0.28227960819234194 0.9168774846404047 0.27812407242505194 0.9186844958438742 0.25645592163846836 0.9172388868810987 0.24992579400415554 0.9147090711962415 0.24903532205402196 0.9045898084568125 0.25319085782131195 0.8782074448861583 0.25526862570495695 0.8738706179978316 0.25883051350549124 0.87278641127575
0 0.2852478480261205 0.7499096494398265 0.2968239833778569 0.7509938561619082 0.2983081032947462 0.7549692808095411 0.2965271593944791 0.7867726779906036 0.2947462154942119 0.7907481026382364 0.26387652122291483 0.7882182869533791 0.26506381715642624 0.7513552584026021 0.28495102404274264 0.7499096494398265
0 0.7233600474918374 0.14781351644380195 0.7349361828435738 0.1499819298879653 0.738498070644108 0.15359595229490422 0.7373107747105966 0.17491868449584388 0.7346393588601959 0.17997831586555837 0.723953695458593 0.17672569569931335 0.709706144256456 0.1785327069027828 0.7082220243395666 0.17600289121792556 0.7100029682398338 0.14817491868449584 0.7230632235084595 0.14781351644380195
0 0.39180765805877116 0.8033971810625226 0.39388542594241616 0.8135164438019515 0.39121401009201545 0.8420672208167691 0.3639062036212526 0.8438742320202385 0.3591570198872069 0.8420672208167691 0.3606411398040962 0.805204192265992 0.3624220837043633 0.8033971810625226 0.3915108340753933 0.8033971810625226
0 0.5874146631047789 0.4351282977954463 0.5927574948055803 0.4358511022768341 0.595428910655981 0.43874232020238524 0.5939447907390917 0.46837730393928445 0.5918670228554467 0.473075533068305 0.5678242802018403 0.4712685218648356 0.5636687444345503 0.46729309721720275 0.5669338082517067 0.43548970003614024 0.587117839121401 0.4351282977954463
0 0.7248441674087266 0.11492591254065775 0.7396853665776195 0.11926273942898447 0.7370139507272188 0.14419949403686302 0.734342534876818 0.14853632092518973 0.7100029682398338 0.14600650524033248 0.7111902641733452 0.11601011926273942 0.7245473434253488 0.11492591254065775
0 0.6028495102404274 0.43874232020238524 0.6209557732264767 0.439465124683773 0.6242208370436332 0.4416335381279364 0.6239240130602552 0.47199132634622337 0.6230335411101217 0.4756053487531623 0.6197684772929652 0.4763281532345501 0.595428910655981 0.47343693530899894 0.5948352626892253 0.44380195157209973 0.5969130305728703 0.43910372244307916 0.6025526862570496 0.43874232020238524
0 0.5556544968833482 0.3986266714853632 0.564262392401306 0.3986266714853632 0.5660433363015732 0.4007950849295266 0.5660433363015732 0.4275388507408746 0.564262392401306 0.43368268883267075 0.5535767289997032 0.43404409107336467 0.5428910655981003 0.43295988435128296 0.5384387058474325 0.42970726418503796 0.5372514099139211 0.4040477050957716 0.5411101216978332 0.4007950849295266 0.5553576728999703 0.3986266714853632
0 0.6895221133867616 0.20816769063968196 0.707331552389433 0.21322732200939645 0.7064410804392995 0.24177809902421396 0.7049569605224102 0.24539212143115288 0.7016918967052538 0.24647632815323456 0.6853665776194716 0.2446693169497651 0.6788364499851588 0.24141669678352007 0.6812110418521816 0.21033610408384532 0.6892252894033838 0.20816769063968196
0 0.45710893440189965 0.7632815323455006 0.4603739982190561 0.7654499457896639 0.4597803502523004 0.7950849295265631 0.45859305431878894 0.8012287676183593 0.45295339863460965 0.8044813877846043 0.42683288809735825 0.8030357788218287 0.42505194419709114 0.7654499457896639 0.4568121104185218 0.7632815323455006
0 0.6791332739685366 0.43801951572099745 0.682398337785693 0.43910372244307916 0.6832888097358266 0.44235634260932416 0.6838824577025824 0.47343693530899894 0.6604333630157316 0.4752439465124684 0.655684179281686 0.473075533068305 0.6544968833481746 0.4409107336465486 0.657761947165331 0.4383809179616914 0.6788364499851588 0.43801951572099745
0 0.2549718017215791 0.7126852186483557 0.26447016918967053 0.7162992410552945 0.26209557732264765 0.7513552584026021 0.2330068269516177 0.7528008673653777 0.23003858711783912 0.7509938561619082 0.2336004749183734 0.7137694253704373 0.25467497773820125 0.7130466208890495
0 0.6194716533095874 0.5746295627032888 0.6230335411101217 0.5775207806288399 0.6230335411101217 0.6086013733285146 0.620362125259721 0.6118539934947597 0.6156129415256753 0.6125767979761475 0.5936479667557139 0.6111311890133719 0.5927574948055803 0.5778821828695337 0.5951320866726032 0.5746295627032888 0.6191748293262096 0.5746295627032888
0 0.5482338972989017 0.46765449945789667 0.5633719204511725 0.4705457173834478 0.5627782724844167 0.49981929887965304 0.5589195607005046 0.5030719190458981 0.5322054021964975 0.5016263100831225 0.5333926981300089 0.4701843151427539 0.5357672899970317 0.46801590169859053 0.5479370733155239 0.46765449945789667
0 0.7563075096467795 0.11890133718829057 0.765509053131493 0.11962414166967836 0.7672899970317602 0.12323816407661728 0.7663995250816266 0.15106613661004697 0.7619471653309587 0.15323455005421033 0.740575838527753 0.15215034333212865 0.7373107747105966 0.14781351644380195 0.7396853665776195 0.11962414166967836 0.7411694864945088 0.1178171304662089 0.7560106856634016 0.11890133718829057
0 0.25378450578806766 0.6740151788941091 0.2680320569902048 0.6765449945789664 0.26714158504007124 0.7065413805565595 0.26239240130602554 0.7134080231297434 0.2341941228851291 0.7123238164076617 0.2330068269516177 0.7105168052041922 0.23538141881864055 0.6765449945789664 0.2392401306025527 0.674376581134803 0.25348768180468984 0.6740151788941091
0 0.6693380825170674 0.2067220816769064 0.6800237459186702 0.20997470184315142 0.6779459780350252 0.2399710878207445 0.6752745621846246 0.2439465124683773 0.6542000593647966 0.24177809902421396 0.6506381715642624 0.23744127213588725 0.653606411398041 0.20852909288037585 0.6571682991985752 0.2063606794362125 0.6690412585336896 0.2067220816769064
0 0.46274859008607894 0.6852186483556199 0.4630454140694568 0.7202746657029273 0.4603739982190561 0.7220816769063968 0.43336301573167113 0.7224430791470907 0.43039477589789255 0.7202746657029273 0.4321757197981597 0.6870256595590892 0.43870584743247254 0.6841344416335381 0.4624517661027011 0.6852186483556199
0 0.46007717423567823 0.7231658836284784 0.46215494211932323 0.7271413082761113 0.46215494211932323 0.7488254427177449 0.46007717423567823 0.761835923382725 0.43247254378153754 0.7640043368268883 0.42891065598100325 0.761835923382725 0.42831700801424755 0.7585833032164799 0.43039477589789255 0.7242500903505602 0.4597803502523004 0.7231658836284784
0 0.5482338972989017 0.5753523671846765 0.5607005046007717 0.5757137694253704 0.5618878005342832 0.587278641127575 0.5612941525675275 0.6122153957354536 0.5482338972989017 0.6140224069389231 0.5348768180468982 0.6136610046982292 0.5310181062629861 0.6093241778099024 0.5327990501632532 0.5760751716660644 0.5479370733155239 0.5753523671846765
0 0.2383496586524191 0.8305023491145646 0.25615909765509054 0.8319479580773401 0.26001780943900266 0.8348391760028913 0.25586227367171266 0.8695337911095049 0.25170673790442266 0.8749548247199133 0.23122588305135056 0.8742320202385255 0.22410210745028197 0.8702565955908926 0.22410210745028197 0.8550777014817492 0.22796081923419412 0.8315865558366462 0.23805283466904126 0.8305023491145646
0 0.26209557732264765 0.7528008673653777 0.26565746512318195 0.7600289121792555 0.26417334520629265 0.7878568847126852 0.26179875333926983 0.7925551138417058 0.25942416147224695 0.7947235272858691 0.23389729890175126 0.7936393205637875 0.23003858711783912 0.7896638959161547 0.23389729890175126 0.7546078785688471 0.26179875333926983 0.7531622696060716
0 0.4740279014544375 0.40187929165160824 0.4766993173048382 0.4044091073364655 0.4764024933214604 0.436212504517528 0.47165330958741464 0.43874232020238524 0.44968833481745324 0.43801951572099745 0.44612644701691895 0.4358511022768341 0.44612644701691895 0.4036863028550777 0.4520629266844761 0.40115648717022045 0.47373107747105964 0.40187929165160824
0 0.394182249925794 0.761835923382725 0.39596319382606116 0.7654499457896639 0.39329177797566045 0.8001445608962776 0.39091718610863757 0.8023129743404409 0.36568714752151976 0.8033971810625226 0.3624220837043633 0.8033971810625226 0.3603443158207183 0.8001445608962776 0.3624220837043633 0.7647271413082761 0.3659839715048976 0.7625587278641127 0.39388542594241616 0.761835923382725
0 0.360937963787474 0.6498012287676184 0.37192045117245476 0.6508854354897 0.37310774710596617 0.6620889049512106 0.371326803205699 0.6884712685218648 0.3597506678539626 0.6906396819660282 0.3410507569011576 0.6888326707625587 0.3395666369842683 0.6740151788941091 0.3428317008014248 0.6508854354897 0.3606411398040962 0.6498012287676184
0 0.5129118432769367 0.4015178894109144 0.5336895221133867 0.40187929165160824 0.5360641139804097 0.4058547162992411 0.5351736420302761 0.43548970003614024 0.5164737310774711 0.43874232020238524 0.5087563075096467 0.4376581134803036 0.5063817156426239 0.4351282977954463 0.5066785396260017 0.4044091073364655 0.5126150192935589 0.4015178894109144
0 0.1392104482042149 0.8294181423924828 0.15820718314039775 0.8308637513552584 0.161769070940932 0.8348391760028913 0.1579103591570199 0.8695337911095049 0.15464529533986346 0.8731478135164438 0.14841199168892846 0.8735092157571377 0.12941525675274562 0.8720636067943621 0.1240724250519442 0.8684495843874233 0.12763431285247848 0.8348391760028913 0.13030572870287918 0.8305023491145646 0.13891362422083706 0.8294181423924828
0 0.6040368061739388 0.2967112396096856 0.6209557732264767 0.2999638597759306 0.6197684772929652 0.332128659197687 0.6168002374591867 0.3335742681604626 0.5945384387058474 0.3324900614383809 0.5918670228554467 0.3292374412721359 0.5927574948055803 0.2999638597759306 0.5963193826061146 0.2967112396096856 0.603739982190561 0.2967112396096856
0 0.4968833481745325 0.40187929165160824 0.5069753636093797 0.4040477050957716 0.5054912436924903 0.43476689555475245 0.5016325319085783 0.4369353089989158 0.48411991688928463 0.43729671123960967 0.4764024933214604 0.43476689555475245 0.4755120213713268 0.4040477050957716 0.4850103888394182 0.40115648717022045 0.4965865241911546 0.40187929165160824
0 0.41644404867913326 0.8427900252981568 0.42238052834669043 0.8449584387423202 0.41941228851291185 0.8500180701120347 0.4217868803799347 0.8673653776653415 0.42149005639655684 0.8836284784965667 0.40160284951024044 0.8854354897000362 0.38765212229148116 0.8836284784965667 0.38913624220837045 0.8666425731839538 0.38765212229148116 0.8521864835561981 0.39032353814188187 0.845319840983014 0.3935886019590383 0.8435128297795447 0.41614722469575544 0.8427900252981568
0 0.42416147224695755 0.7636429345861945 0.42742653606411396 0.7654499457896639 0.4259424161472247 0.7708709794000723 0.42742653606411396 0.7791832309360318 0.42653606411398043 0.8005059631369714 0.42475512021371326 0.8037585833032165 0.41792816859602255 0.8048427900252981 0.40071237756010686 0.8048427900252981 0.39447907390917186 0.8026743765811348 0.39299495399228257 0.7958077340079508 0.39507272187592757 0.7661727502710517 0.39744731374295045 0.7629201301048066 0.4238646482635797 0.7636429345861945
0 0.5556544968833482 0.36429345861944346 0.5651528643514396 0.3661004698229129 0.5651528643514396 0.3971810625225876 0.5399228257643217 0.4007950849295266 0.5363609379637875 0.3986266714853632 0.5357672899970317 0.3953740513191182 0.5360641139804097 0.3679074810263824 0.5399228257643217 0.36501626310083124 0.5553576728999703 0.36429345861944346
0 0.27278124072425053 0.7090711962414167 0.29385574354407834 0.7097940007228045 0.2991985752448798 0.7126852186483557 0.2968239833778569 0.7455728225514998 0.2950430394775898 0.7488254427177449 0.28970020777678834 0.7502710516805204 0.2659542891065598 0.7506324539212144 0.2632828732561591 0.7466570292735815 0.26476699317304836 0.7162992410552945 0.26862570495696053 0.7094325984821106 0.27248441674087265 0.7090711962414167
0 0.18076580587711488 0.7889410914347669 0.19976254081329772 0.7921937116010119 0.19738794894627487 0.8243585110227684 0.19263876521222914 0.8308637513552584 0.16355001484119916 0.8297795446331767 0.1611754229741763 0.8279725334297072 0.16147224695755416 0.8109866281170943 0.1647373107747106 0.7925551138417058 0.1682991985752449 0.788579689194073 0.180468981893737 0.7889410914347669
0 0.1668150786583556 0.8709794000722805 0.1923419412288513 0.8745934224792193 0.18996734936182844 0.9100108420672208 0.18551498961116059 0.9157932779183231 0.15820718314039775 0.9147090711962415 0.1528643514395963 0.9114564510299964 0.15731671119026416 0.8749548247199133 0.1599881270406649 0.8717022045536682 0.16651825467497774 0.8709794000722805
0 0.780053428317008 0.12034694615106614 0.7940041555357673 0.12396096855800506 0.7937073315523895 0.15251174557282254 0.7898486197684773 0.15612576797976147 0.771742356782428 0.1546801590169859 0.7661027010982487 0.15070473436935308 0.7678836449985159 0.12143115287314782 0.7797566043336301 0.12034694615106614
0 0.5565449688334817 0.5041561257679797 0.5633719204511725 0.5059631369714492 0.5627782724844167 0.5363209251897362 0.5607005046007717 0.5388507408745934 0.5345799940635203 0.5388507408745934 0.5325022261798753 0.5366823274304301 0.5336895221133867 0.5052403324900614 0.5562481448501039 0.5041561257679797
0 0.6355001484119916 0.30140946873870617 0.6503413475808846 0.3043006866642573 0.649450875630751 0.33501987712323816 0.6455921638468388 0.3386338995301771 0.6262986049272781 0.33754969280809544 0.6212525972098546 0.33501987712323816 0.6233303650934996 0.30285507770148173 0.6352033244286138 0.30140946873870617
0 0.5503116651825467 0.5388507408745934 0.5604036806173939 0.5392121431152873 0.562184624517661 0.5421033610408384 0.5618878005342832 0.5742681604625949 0.5604036806173939 0.5760751716660644 0.5369545859305432 0.5767979761474521 0.5327990501632532 0.5767979761474521 0.5322054021964975 0.5742681604625949 0.5325022261798753 0.5399349475966752 0.5500148411991689 0.5388507408745934
0 0.44256455921638466 0.8427900252981568 0.45325022261798753 0.8431514275388508 0.4556248144850104 0.8521864835561981 0.45384387058474324 0.8836284784965667 0.44434550311665183 0.8854354897000362 0.42149005639655684 0.8832670762558728 0.41941228851291185 0.849295265630647 0.42000593647966755 0.845319840983014 0.42416147224695755 0.8431514275388508 0.44226773523300683 0.8427900252981568
0 0.802908875037103 0.12323816407661728 0.8219056099732859 0.1264907842428623 0.8216087859899079 0.15142753885074087 0.8204214900563965 0.15793277918323093 0.8180468981893737 0.1593783881460065 0.7969723953695459 0.15757137694253703 0.7940041555357673 0.1546801590169859 0.7948946274859009 0.12612938200216842 0.7969723953695459 0.12323816407661728 0.8026120510537251 0.12323816407661728
0 0.5500148411991689 0.43404409107336467 0.5651528643514396 0.4351282977954463 0.5645592163846839 0.45283700758944706 0.5627782724844167 0.46548608601373326 0.5607005046007717 0.46765449945789667 0.5348768180468982 0.46620889049512104 0.5363609379637875 0.4358511022768341 0.549718017215791 0.43404409107336467
0 0.5016325319085783 0.3661004698229129 0.5051944197091125 0.3668232743043007 0.5072721875927575 0.3711601011926274 0.5066785396260017 0.3982652692446693 0.5037102997922233 0.40115648717022045 0.4772929652715939 0.40115648717022045 0.4764024933214604 0.3989880737260571 0.4772929652715939 0.3668232743043007 0.5013357079252003 0.3661004698229129
0 0.6482635796972396 0.23671846765449947 0.6521222914811516 0.24105529454282618 0.651231819531018 0.2663534513913986 0.6485604036806174 0.2692446693169498 0.6242208370436332 0.2692446693169498 0.622439893143366 0.26599204915070473 0.6248144850103888 0.23744127213588725 0.6479667557138616 0.23671846765449947
0 0.5770258236865539 0.5030719190458981 0.5915701988720689 0.5041561257679797 0.5939447907390917 0.5063245392121432 0.5939447907390917 0.5352367184676545 0.5906797269219353 0.5410191543187568 0.566340160284951 0.5399349475966752 0.5624814485010389 0.5363209251897362 0.5639655684179282 0.5048789302493676 0.576728999703176 0.5030719190458981
0 0.5761353517364203 0.31694976508854356 0.029682398337785694 0.03686302855077701
0 0.5577322647669932 0.3299602457535237 0.5618878005342832 0.3346584748825443 0.5630750964677946 0.36357065413805567 0.5363609379637875 0.3664618720636068 0.5327990501632532 0.3603180339718106 0.5336895221133867 0.33140585471629924 0.5574354407836153 0.3299602457535237
0 0.7236568714752152 0.17744850018070113 0.7379044226773523 0.18178532706902784 0.7358266547937073 0.20780628839898807 0.734342534876818 0.2106975063245392 0.7150489759572574 0.20889049512106975 0.7100029682398338 0.211420310805927 0.7079252003561888 0.20419226599204915 0.7091124962897002 0.18033971810625227 0.7132680320569902 0.17780990242139502 0.7233600474918374 0.17744850018070113
0 0.7150489759572574 0.20852909288037585 0.7340457108934402 0.2106975063245392 0.7367171267438409 0.21322732200939645 0.7352330068269516 0.24141669678352007 0.732264766993173 0.24611492591254067 0.7129712080736124 0.245030719190459 0.707628376372811 0.24250090350560174 0.7085188483229445 0.21286591976870256 0.7100029682398338 0.20925189736176364 0.7147521519738795 0.20852909288037585
0 0.6298604927278124 0.201301048066498 0.651528643514396 0.2067220816769064 0.649154051647373 0.23455005421033612 0.647076283763728 0.23635706541380558 0.6227367171267438 0.23599566317311169 0.6209557732264767 0.23418865196964223 0.624517661027011 0.20310805926996747 0.6295636687444346 0.201301048066498
0 0.27307806470762835 0.8319479580773401 0.2908875037102998 0.8330321647994218 0.2944493915108341 0.8352005782435851 0.2908875037102998 0.8698951933501988 0.28643514395963193 0.8756776292013011 0.26773523300682694 0.8742320202385255 0.25645592163846836 0.8706179978315866 0.25972098545562483 0.835561980484279 0.26298604927278124 0.8330321647994218 0.27278124072425053 0.8319479580773401
0 0.45295339863460965 0.4972894831947958 0.4692787177203918 0.4994578966389592 0.4701691896705254 0.5323455005421034 0.4410804392994954 0.533429707264185 0.43840902344909466 0.5330683050234911 0.4369249035322054 0.5294542826165523 0.43840902344909466 0.5009035056017347 0.4416740872662511 0.4972894831947958 0.4526565746512318 0.4972894831947958
0 0.6524191154645296 0.4405493314058547 0.6542000593647966 0.4459703650162631 0.6550905313149302 0.4737983375496928 0.651528643514396 0.47668955547524394 0.6372810923122588 0.4774123599566317 0.6262986049272781 0.47705095771593786 0.624517661027011 0.4741597397903867 0.6260017809439002 0.4427177448500181 0.6325319085782131 0.4405493314058547 0.6521222914811516 0.4405493314058547
0 0.5749480558029089 0.5746295627032888 0.5897892549718017 0.5753523671846765 0.5924606708222024 0.5775207806288399 0.5927574948055803 0.6089627755692085 0.5874146631047789 0.6125767979761475 0.5627782724844167 0.6111311890133719 0.562184624517661 0.5778821828695337 0.5651528643514396 0.5753523671846765 0.574651231819531 0.5746295627032888
0 0.35945384387058477 0.7560534875316227 0.3627189076877412 0.758221900975786 0.363015731671119 0.7621973256234189 0.3606411398040962 0.7694253704372968 0.3606411398040962 0.7874954824719913 0.3582665479370733 0.7976147452114203 0.329771445532799 0.7965305384893386 0.3279905016325319 0.7907481026382364 0.331849213416444 0.7564148897723166 0.3591570198872069 0.7560534875316227
0 0.555951320866726 0.2963498373689917 0.5618878005342832 0.29960245753523673 0.560106856634016 0.3281532345500542 0.5482338972989017 0.3310444524756053 0.5327990501632532 0.33032164799421754 0.5327990501632532 0.2974340440910734 0.5556544968833482 0.2963498373689917
0 0.37874740279014546 0.6479942175641489 0.39804096170970615 0.6483556198048428 0.40546156129415256 0.6508854354897 0.40397744137726327 0.684495843874232 0.38913624220837045 0.6866642573183954 0.3728109231225883 0.6855800505963137 0.37399821905609976 0.6508854354897 0.3784505788067676 0.6479942175641489
0 0.3977441377263283 0.6089627755692085 0.40813297714455327 0.6096855800505964 0.41110121697833185 0.6122153957354536 0.40991392104482044 0.6440187929165161 0.40427426536064115 0.6483556198048428 0.38290293855743546 0.6472714130827611 0.375482338972989 0.64438019515721 0.37874740279014546 0.6111311890133719 0.3826061145740576 0.6089627755692085 0.39744731374295045 0.6089627755692085
0 0.45087563075096465 0.533429707264185 0.4701691896705254 0.5355981207083484 0.4701691896705254 0.5692085290928803 0.4410804392994954 0.5706541380556559 0.43722172751558325 0.5677629201301048 0.43870584743247254 0.5359595229490423 0.4505788067675868 0.533429707264185
0 0.20273078064707628 0.8283339356704011 0.22825764321757197 0.8315865558366462 0.22380528346690412 0.8702565955908926 0.21757197981596912 0.8731478135164438 0.19263876521222914 0.8695337911095049 0.1923419412288513 0.8482110589085652 0.19531018106262987 0.8312251535959523 0.20243395666369843 0.8283339356704011
0 0.29385574354407834 0.7921937116010119 0.2968239833778569 0.7947235272858691 0.2968239833778569 0.8026743765811348 0.2944493915108341 0.8276111311890134 0.2929652715939448 0.8315865558366462 0.2902938557435441 0.8323093603180339 0.26179875333926983 0.8308637513552584 0.25883051350549124 0.8239971087820744 0.26209557732264765 0.7976147452114203 0.26476699317304836 0.791832309360318 0.27337488869100623 0.7900252981568485 0.2935589195607005 0.7921937116010119
0 0.39685366577619474 0.7209974701843151 0.398337785693084 0.7238886881098663 0.3977441377263283 0.7589447054571739 0.39388542594241616 0.761835923382725 0.3668744434550312 0.7632815323455006 0.3644998515880083 0.7611131189013371 0.36360937963787476 0.7528008673653777 0.365093499554764 0.7238886881098663 0.39655684179281686 0.7209974701843151
0 0.4680914217868804 0.6451029996385977 0.4701691896705254 0.6472714130827611 0.46957554170376964 0.6790748102638237 0.4677945978035025 0.6830502349114564 0.46334223805283464 0.6841344416335381 0.44197091124962895 0.6823274304300687 0.43840902344909466 0.6790748102638237 0.4390026714158504 0.6505240332490061 0.44404867913327395 0.6472714130827611 0.4677945978035025 0.6451029996385977
0 0.44968833481745324 0.6082399710878208 0.4707628376372811 0.6089627755692085 0.4722469575541704 0.6176364293458619 0.47105966162065893 0.6425731839537405 0.4704660136539032 0.6447415973979038 0.4431582071831404 0.6472714130827611 0.43870584743247254 0.6447415973979038 0.4395963193826061 0.6122153957354536 0.4416740872662511 0.6089627755692085 0.4493915108340754 0.6082399710878208
0 0.5007420599584447 0.5728225514998193 0.5022261798753339 0.5746295627032888 0.5001484119916889 0.6057101554029635 0.4980706441080439 0.6096855800505964 0.4734342534876818 0.6089627755692085 0.46957554170376964 0.6057101554029635 0.4707628376372811 0.5746295627032888 0.4761056693380825 0.5710155402963498 0.5004452359750667 0.5728225514998193
0 0.4686850697536361 0.5706541380556559 0.4713564856040368 0.5742681604625949 0.4701691896705254 0.6057101554029635 0.44018996734936183 0.607517166606433 0.43811219946571683 0.6060715576436574 0.4395963193826061 0.5731839537405132 0.4683882457702582 0.5706541380556559
0 0.5191451469278717 0.5731839537405132 0.5295339863460967 0.573545355981207 0.5319085782131197 0.5778821828695337 0.5310181062629861 0.6046259486808818 0.5283466904125853 0.610769786772678 0.5040071237756011 0.610769786772678 0.5010388839418225 0.6086013733285146 0.5031166518254675 0.5742681604625949 0.5188483229444939 0.5731839537405132
0 0.6325319085782131 0.26960607155764366 0.6509349955476402 0.27069027827972536 0.6518254674977738 0.29707264185037946 0.6509349955476402 0.30140946873870617 0.647373107747106 0.30249367546078787 0.626595428910656 0.30213227322009395 0.6227367171267438 0.2992410552945428 0.6236271890768774 0.27213588724250093 0.6322350845948352 0.26960607155764366
0 0.4220955773226477 0.666570292735815 0.03352330068269516 0.03841705818576075
0 0.1775244879786287 0.8521322732200939 0.0340308696942713 0.040946873870617996
0 0.3633125556544969 0.8431514275388508 0.38646482635796975 0.8445970365016263 0.38705847432472545 0.8839898807372606 0.37993469872365687 0.8861582941814239 0.360937963787474 0.8861582941814239 0.35529830810329477 0.8836284784965667 0.3564856040368062 0.8496566678713408 0.35945384387058477 0.8435128297795447 0.363015731671119 0.8431514275388508
0 0.2991985752448798 0.7531622696060716 0.3140397744137726 0.7556920852909288 0.3306619174829326 0.7549692808095411 0.3279905016325319 0.7911095048789303 0.3265063817156426 0.7947235272858691 0.3229444939151083 0.795446331767257 0.29741763134461263 0.7932779183230936 0.2991985752448798 0.7535236718467655