0 0.8738396624472574 0.034013605442176874 0.9118143459915612 0.03741496598639456 0.919409282700422 0.0413022351797862 0.9223628691983122 0.0456754130223518 0.9215189873417722 0.11467444120505345 0.919409282700422 0.12487852283770651 0.9113924050632911 0.13119533527696792 0.8662447257383966 0.12487852283770651 0.8434599156118143 0.12585034013605442 0.8396624472573839 0.12342079689018465 0.8405063291139241 0.04081632653061224 0.8472573839662447 0.034013605442176874 0.8734177215189873 0.034013605442176874
0 0.5894514767932489 0.19533527696793002 0.6506329113924051 0.20116618075801748 0.6573839662447257 0.20505344995140914 0.6582278481012658 0.2240038872691934 0.6548523206751055 0.27648202137998057 0.6518987341772152 0.29300291545189505 0.6443037974683544 0.29737609329446063 0.5742616033755275 0.2920310981535471 0.5713080168776371 0.28960155490767736 0.570464135021097 0.27793974732750243 0.5759493670886076 0.2293488824101069 0.5767932489451477 0.20165208940719145 0.5814345991561182 0.195821185617104 0.5890295358649789 0.19533527696793002
0 0.5046413502109705 0.36686103012633625 0.550210970464135 0.3717201166180758 0.5565400843881857 0.3770651117589893 0.5510548523206751 0.45675413022351796 0.5455696202531646 0.4679300291545189 0.49156118143459915 0.4616132167152575 0.470042194092827 0.4620991253644315 0.4666666666666667 0.4611273080660836 0.4641350210970464 0.45626822157434405 0.470042194092827 0.37755102040816324 0.47215189873417723 0.3717201166180758 0.4772151898734177 0.3663751214771623 0.48270042194092827 0.3649173955296404 0.5042194092827004 0.36686103012633625
0 0.2721518987341772 0.6511175898931001 0.3464135021097046 0.6613216715257532 0.33755274261603374 0.7619047619047619 0.32573839662447257 0.7633624878522838 0.2552742616033755 0.7551020408163265 0.25274261603375525 0.7521865889212828 0.2514767932489452 0.7414965986394558 0.2611814345991561 0.6593780369290574 0.2649789029535865 0.6530612244897959 0.2717299578059072 0.6516034985422741
0 0.2611814345991561 0.8658892128279884 0.31561181434599156 0.8746355685131195 0.32953586497890297 0.879980563654033 0.33122362869198313 0.8867832847424684 0.32953586497890297 0.9363459669582118 0.32236286919831225 0.9795918367346939 0.31856540084388185 0.9859086491739553 0.31476793248945145 0.9878522837706512 0.2552742616033755 0.9791059280855199 0.23417721518987342 0.9747327502429544 0.23037974683544304 0.9713313896987367 0.22953586497890296 0.9596695821185617 0.24050632911392406 0.8731778425655977 0.2468354430379747 0.8654033041788144 0.2607594936708861 0.8658892128279884
0 0.07341772151898734 0.847910592808552 0.1371308016877637 0.8547133138969873 0.1421940928270042 0.858600583090379 0.1341772151898734 0.9582118561710399 0.13164556962025317 0.9635568513119533 0.1240506329113924 0.9659863945578231 0.049789029535864976 0.9596695821185617 0.04556962025316456 0.9577259475218659 0.04219409282700422 0.9523809523809523 0.04177215189873418 0.9416909620991254 0.052742616033755275 0.8522837706511176 0.059915611814345994 0.8469387755102041 0.0729957805907173 0.847910592808552
0 0.31645569620253167 0.4518950437317784 0.370042194092827 0.4582118561710398 0.380168776371308 0.4630709426627794 0.3717299578059072 0.5495626822157434 0.3670886075949367 0.5553935860058309 0.30337552742616036 0.5476190476190477 0.289873417721519 0.5481049562682215 0.28565400843881855 0.5451895043731778 0.28607594936708863 0.5247813411078717 0.29620253164556964 0.4577259475218659 0.29957805907172996 0.4523809523809524 0.3160337552742616 0.4518950437317784
0 0.27637130801687765 0.7580174927113703 0.32447257383966244 0.7638483965014577 0.33544303797468356 0.7672497570456754 0.3388185654008439 0.7711370262390671 0.33544303797468356 0.8372206025267249 0.33164556962025316 0.8634596695821186 0.32869198312236286 0.8722060252672498 0.32531645569620254 0.8741496598639455 0.26371308016877637 0.8644314868804664 0.24472573839662448 0.8634596695821186 0.24050632911392406 0.859086491739553 0.24345991561181435 0.8202137998056366 0.25274261603375525 0.7628765792031098 0.25654008438818565 0.7570456754130224 0.2759493670886076 0.7580174927113703
0 0.8535864978902954 0.2152575315840622 0.9151898734177215 0.22206025267249757 0.9181434599156119 0.22448979591836735 0.920675105485232 0.24198250728862974 0.9164556962025316 0.30709426627793973 0.9122362869198313 0.3182701652089407 0.9042194092827004 0.3231292517006803 0.8413502109704641 0.31486880466472306 0.8299578059071729 0.30952380952380953 0.8333333333333334 0.2594752186588921 0.8333333333333334 0.22691933916423712 0.8379746835443038 0.2196307094266278 0.8531645569620253 0.2152575315840622
0 0.4679324894514768 0.6783284742468416 0.5168776371308017 0.6817298347910593 0.5244725738396624 0.684645286686103 0.5257383966244725 0.7001943634596696 0.5236286919831223 0.7798833819241983 0.5210970464135021 0.7862001943634597 0.5177215189873418 0.7881438289601554 0.43924050632911393 0.7842565597667639 0.43333333333333335 0.7803692905733722 0.4337552742616034 0.7337220602526725 0.4383966244725738 0.6817298347910593 0.4421940928270042 0.6783284742468416 0.4675105485232067 0.6783284742468416
0 0.1751054852320675 0.8605442176870748 0.23164556962025318 0.8649173955296404 0.23670886075949368 0.8688046647230321 0.22742616033755275 0.968415937803693 0.22151898734177214 0.9742468415937804 0.21308016877637131 0.9757045675413022 0.14725738396624471 0.9718172983479106 0.14050632911392405 0.9693877551020408 0.1358649789029536 0.9630709426627794 0.14303797468354432 0.8649173955296404 0.1468354430379747 0.8600583090379009 0.17468354430379746 0.8605442176870748
0 0.7784810126582279 0.206511175898931 0.8219409282700422 0.20894071914480078 0.829535864978903 0.21282798833819241 0.8316455696202532 0.2206025267249757 0.8299578059071729 0.293488824101069 0.8244725738396624 0.304178814382896 0.8177215189873418 0.30612244897959184 0.7544303797468355 0.304178814382896 0.7451476793248946 0.3022351797862002 0.7426160337552743 0.29931972789115646 0.7451476793248946 0.282798833819242 0.7459915611814346 0.2099125364431487 0.7489451476793249 0.20699708454810495 0.7552742616033755 0.20602526724975703 0.7780590717299578 0.206511175898931
0 0.19156118143459916 0.6491739552964043 0.2586497890295359 0.6579203109815355 0.25991561181434597 0.6618075801749271 0.25063291139240507 0.7337220602526725 0.25021097046413504 0.7526724975704567 0.24852320675105485 0.7589893100097181 0.2451476793248945 0.7604470359572401 0.1679324894514768 0.7531584062196307 0.16244725738396623 0.749271137026239 0.16075949367088607 0.7410106899902819 0.16413502109704642 0.7099125364431487 0.17257383966244727 0.6579203109815355 0.17848101265822786 0.6496598639455783 0.1911392405063291 0.6491739552964043
0 0.8582278481012658 0.12730806608357628 0.9177215189873418 0.13362487852283772 0.9253164556962026 0.13945578231292516 0.9227848101265823 0.19776482021379982 0.9181434599156119 0.22206025267249757 0.8518987341772152 0.21379980563654033 0.8345991561181435 0.21671525753158405 0.8337552742616033 0.20165208940719145 0.8396624472573839 0.1379980563654033 0.8443037974683544 0.12876579203109814 0.8578059071729958 0.12730806608357628
0 0.4835443037974684 0.46258503401360546 0.540506329113924 0.46938775510204084 0.5506329113924051 0.4742468415937804 0.5523206751054852 0.4897959183673469 0.5451476793248945 0.5621963070942663 0.5417721518987342 0.5694849368318756 0.5362869198312237 0.5714285714285714 0.4675105485232067 0.5617103984450923 0.4611814345991561 0.5583090379008746 0.4607594936708861 0.5466472303206997 0.46877637130801686 0.46647230320699706 0.47341772151898737 0.46258503401360546 0.4831223628691983 0.46258503401360546
0 0.5084388185654009 0.17735665694849367 0.5578059071729958 0.18124392614188534 0.570464135021097 0.1836734693877551 0.5751054852320675 0.18853255587949466 0.5751054852320675 0.21428571428571427 0.5687763713080168 0.2750242954324587 0.490295358649789 0.27113702623906705 0.4877637130801688 0.2687074829931973 0.4869198312236287 0.25267249757045673 0.4928270042194093 0.18561710398445092 0.4978902953586498 0.1793002915451895 0.5080168776371308 0.17784256559766765
0 0.9523206751054852 0.03741496598639456 0.9995780590717299 0.04227405247813411 0.9995780590717299 0.13411078717201166 0.9949367088607595 0.13654033041788144 0.929535864978903 0.13070942662779397 0.920675105485232 0.12682215743440234 0.9232067510548523 0.10932944606413994 0.9227848101265823 0.042759961127308066 0.9286919831223629 0.03741496598639456 0.9518987341772152 0.03741496598639456
0 0.5025316455696203 0.2725947521865889 0.5481012658227848 0.2755102040816326 0.5683544303797469 0.2793974732750243 0.569620253164557 0.29300291545189505 0.5662447257383966 0.36005830903790087 0.5649789029535865 0.3688046647230321 0.560337552742616 0.37366375121477163 0.5375527426160338 0.36783284742468414 0.48270042194092827 0.3624878522837707 0.48143459915611814 0.3556851311953353 0.48523206751054854 0.28425655976676384 0.48945147679324896 0.2750242954324587 0.5021097046413502 0.2725947521865889
0 0.36160337552742616 0.6627793974732751 0.42278481012658226 0.6690962099125365 0.4350210970464135 0.673469387755102 0.43628691983122364 0.6827016520894071 0.429957805907173 0.7677356656948494 0.4282700421940928 0.7730806608357629 0.4219409282700422 0.7759961127308066 0.35443037974683544 0.7696793002915452 0.3426160337552743 0.7653061224489796 0.34177215189873417 0.7337220602526725 0.34852320675105486 0.6710398445092323 0.35232067510548526 0.6637512147716229 0.36118143459915614 0.6627793974732751
0 0.6063291139240506 0.013605442176870748 0.6616033755274262 0.01749271137026239 0.670464135021097 0.02040816326530612 0.6742616033755274 0.025267249757045675 0.669620253164557 0.1010689990281827 0.6654008438818565 0.11273080660835763 0.6624472573839663 0.11418853255587949 0.6 0.10932944606413994 0.5881856540084388 0.10495626822157435 0.5869198312236287 0.09718172983479106 0.5924050632911393 0.030612244897959183 0.5978902953586498 0.01652089407191448 0.6059071729957806 0.013605442176870748
0 0.769620253164557 0.033527696793002916 0.8291139240506329 0.038386783284742466 0.8375527426160337 0.043245869776482024 0.8379746835443038 0.11758989310009718 0.8354430379746836 0.12633624878522837 0.8278481012658228 0.13411078717201166 0.7582278481012659 0.12779397473275025 0.7531645569620253 0.12439261418853255 0.7578059071729958 0.03935860058309038 0.7616033755274262 0.03498542274052478 0.7691983122362869 0.033527696793002916
0 0.7194092827004219 0.20165208940719145 0.7367088607594937 0.20262390670553937 0.7426160337552743 0.2055393586005831 0.7443037974683544 0.2099125364431487 0.7438818565400844 0.28620019436345967 0.7409282700421941 0.2954324586977648 0.7362869198312236 0.2988338192419825 0.6611814345991561 0.29591836734693877 0.6582278481012658 0.2949465500485909 0.6561181434599156 0.29057337220602525 0.659915611814346 0.21282798833819241 0.6624472573839663 0.20359572400388726 0.6675105485232068 0.20068027210884354 0.7189873417721518 0.20165208940719145
0 0.6949367088607595 0.02575315840621963 0.7459915611814346 0.031098153547133137 0.7561181434599156 0.03644314868804665 0.7535864978902953 0.1151603498542274 0.7510548523206751 0.12293488824101069 0.7472573839662447 0.12536443148688048 0.6856540084388185 0.12147716229348883 0.6755274261603376 0.119533527696793 0.670464135021097 0.11564625850340136 0.6763713080168776 0.03206997084548105 0.6822784810126582 0.025267249757045675 0.6945147679324895 0.02575315840621963
0 0.30210970464135023 0.5490767735665695 0.3556962025316456 0.5553935860058309 0.36540084388185656 0.5573372206025268 0.3687763713080169 0.5602526724975705 0.3620253164556962 0.6107871720116618 0.3620253164556962 0.6258503401360545 0.35654008438818563 0.6545189504373178 0.35485232067510547 0.6579203109815355 0.3493670886075949 0.6598639455782312 0.28227848101265823 0.6511175898931001 0.27341772151898736 0.6482021379980564 0.2708860759493671 0.6443148688046647 0.2810126582278481 0.5612244897959183 0.2869198312236287 0.5500485908649174 0.30168776371308015 0.5490767735665695
0 0.39071729957805906 0.45335276967930027 0.44641350210970465 0.4586977648202138 0.459915611814346 0.4606413994169096 0.4649789029535865 0.46355685131195334 0.46582278481012657 0.47619047619047616 0.4578059071729958 0.5583090379008746 0.4531645569620253 0.5612244897959183 0.4447257383966245 0.5612244897959183 0.38396624472573837 0.5534499514091351 0.3759493670886076 0.5500485908649174 0.3751054852320675 0.5354713313896987 0.38143459915611816 0.48639455782312924 0.3822784810126582 0.4611273080660836 0.3856540084388186 0.45481049562682213 0.39029535864978904 0.45383867832847424