0 0.21 0.8853333333333333 0.24225 0.886 0.24125 0.93 0.239 0.9373333333333334 0.228 0.94 0.20225 0.9383333333333334 0.2045 0.8903333333333333 0.20975 0.8856666666666667
0 0.8175 0.162 0.843 0.165 0.84525 0.16733333333333333 0.8465 0.17866666666666667 0.84525 0.204 0.8155 0.203 0.81375 0.19966666666666666 0.81325 0.16833333333333333 0.8175 0.16233333333333333
0 0.498 0.5993333333333334 0.49975 0.6403333333333333 0.4945 0.6436666666666667 0.46925 0.6436666666666667 0.46575 0.6416666666666667 0.4655 0.6036666666666667 0.469 0.5986666666666667 0.49775 0.5993333333333334
0 0.53525 0.7413333333333333 0.539 0.7386666666666667 0.571 0.7396666666666667 0.573 0.786 0.568 0.788 0.53775 0.7863333333333333 0.5355 0.7416666666666667
0 0.5015 0.6446666666666667 0.533 0.6436666666666667 0.5345 0.6693333333333333 0.5345 0.6876666666666666 0.533 0.69 0.5015 0.69 0.5015 0.645
0 0.2405 0.4686666666666667 0.26625 0.4703333333333333 0.26375 0.49066666666666664 0.26425 0.512 0.24925 0.5136666666666667 0.23425 0.5126666666666667 0.2325 0.509 0.23425 0.471 0.24025 0.4686666666666667
0 0.267 0.3873333333333333 0.27 0.38966666666666666 0.2685 0.42533333333333334 0.2665 0.429 0.26025 0.43 0.2375 0.42866666666666664 0.23875 0.3903333333333333 0.247 0.3873333333333333 0.26675 0.3873333333333333
0 0.68775 0.5093333333333333 0.69625 0.511 0.699 0.515 0.69875 0.5503333333333333 0.696 0.555 0.668 0.5543333333333333 0.6645 0.5513333333333333 0.66325 0.511 0.66675 0.5086666666666667 0.6875 0.5093333333333333
0 0.604 0.3873333333333333 0.62225 0.3903333333333333 0.6215 0.42633333333333334 0.61975 0.42866666666666664 0.59275 0.42933333333333334 0.58925 0.42233333333333334 0.59025 0.39 0.592 0.38766666666666666 0.60375 0.3873333333333333
0 0.2065 0.3496666666666667 0.21275 0.3556666666666667 0.21075 0.387 0.20675 0.39 0.18575 0.392 0.17875 0.39166666666666666 0.17625 0.3873333333333333 0.17925 0.3556666666666667 0.18225 0.351 0.20625 0.3496666666666667
0 0.497 0.23366666666666666 0.5225 0.235 0.523 0.2723333333333333 0.508 0.27466666666666667 0.49475 0.2743333333333333 0.492 0.269 0.4925 0.236 0.49675 0.23366666666666666
0 0.057 0.6506666666666666 0.0605 0.6536666666666666 0.05725 0.689 0.054 0.696 0.05025 0.698 0.0185 0.696 0.02225 0.6586666666666666 0.02575 0.6523333333333333 0.05675 0.6506666666666666
0 0.79575 0.12566666666666668 0.8105 0.12633333333333333 0.8125 0.13066666666666665 0.81375 0.16166666666666665 0.8115 0.16566666666666666 0.80575 0.16633333333333333 0.7875 0.16533333333333333 0.78425 0.16166666666666665 0.78175 0.12933333333333333 0.7845 0.126 0.7955 0.12566666666666668
0 0.328 0.30766666666666664 0.3375 0.31033333333333335 0.3345 0.3433333333333333 0.33225 0.3453333333333333 0.307 0.347 0.30425 0.3426666666666667 0.306 0.311 0.31275 0.30833333333333335 0.32775 0.308
0 0.70575 0.5116666666666667 0.7275 0.5123333333333333 0.73225 0.5153333333333333 0.73275 0.5536666666666666 0.7285 0.558 0.70375 0.557 0.698 0.5536666666666666 0.698 0.5153333333333333 0.70075 0.512 0.7055 0.5116666666666667
0 0.8605 0.27566666666666667 0.88425 0.2793333333333333 0.887 0.31133333333333335 0.886 0.31733333333333336 0.88175 0.31833333333333336 0.86275 0.318 0.85675 0.315 0.85475 0.309 0.8545 0.278 0.8555 0.27566666666666667 0.86025 0.27566666666666667
0 0.58525 0.51 0.596 0.512 0.598 0.551 0.596 0.553 0.5685 0.5533333333333333 0.56375 0.5506666666666666 0.56375 0.5123333333333333 0.585 0.51
0 0.76925 0.894 0.79675 0.896 0.8015 0.944 0.8 0.949 0.791 0.95 0.76975 0.9496666666666667 0.76375 0.947 0.76025 0.8966666666666666 0.76175 0.8943333333333333 0.769 0.894
0 0.36125 0.163 0.36975 0.16366666666666665 0.372 0.167 0.371 0.19933333333333333 0.3675 0.203 0.3465 0.20366666666666666 0.34225 0.20233333333333334 0.34025 0.196 0.342 0.16766666666666666 0.34525 0.16333333333333333 0.361 0.163
0 0.76025 0.19533333333333333 0.783 0.19666666666666666 0.78625 0.199 0.787 0.23333333333333334 0.77075 0.23466666666666666 0.75825 0.23433333333333334 0.755 0.23166666666666666 0.75425 0.19966666666666666 0.75525 0.19633333333333333 0.76 0.19533333333333333
0 0.37 0.552 0.39375 0.5536666666666666 0.394 0.592 0.39075 0.5946666666666667 0.36225 0.5946666666666667 0.35925 0.5916666666666667 0.3615 0.554 0.36975 0.552
0 0.36125 0.30733333333333335 0.36625 0.30733333333333335 0.3675 0.31 0.36625 0.346 0.3615 0.349 0.34425 0.3496666666666667 0.33775 0.349 0.335 0.3453333333333333 0.33775 0.31033333333333335 0.361 0.30733333333333335
0 0.28525 0.7856666666666666 0.28675 0.7903333333333333 0.2845 0.8316666666666667 0.28225 0.835 0.274 0.8363333333333334 0.2475 0.8346666666666667 0.24975 0.79 0.2525 0.786 0.285 0.7856666666666666
0 0.49925 0.7396666666666667 0.501 0.7863333333333333 0.495 0.7893333333333333 0.47875 0.7906666666666666 0.46775 0.79 0.46525 0.7863333333333333 0.4665 0.741 0.499 0.7396666666666667
0 0.76325 0.23333333333333334 0.7835 0.234 0.7875 0.237 0.789 0.2673333333333333 0.787 0.27166666666666667 0.758 0.27166666666666667 0.7555 0.2693333333333333 0.755 0.23633333333333334 0.75675 0.23366666666666666 0.763 0.23333333333333334
0 0.045 0.6976666666666667 0.0505 0.6996666666666667 0.04675 0.7446666666666667 0.017 0.7463333333333333 0.012 0.745 0.0115 0.7406666666666667 0.0145 0.7096666666666667 0.0175 0.7 0.04475 0.6976666666666667
0 0.3885 0.466 0.39625 0.4666666666666667 0.398 0.47 0.39825 0.505 0.394 0.5086666666666667 0.36675 0.508 0.36425 0.5043333333333333 0.3655 0.468 0.38825 0.466
0 0.48125 0.6433333333333333 0.498 0.643 0.4995 0.646 0.501 0.6793333333333333 0.5005 0.6893333333333334 0.4985 0.691 0.47 0.6906666666666667 0.4665 0.6886666666666666 0.46675 0.646 0.481 0.6433333333333333
0 0.20375 0.3903333333333333 0.20725 0.3933333333333333 0.2045 0.43033333333333335 0.1815 0.433 0.17525 0.43266666666666664 0.1725 0.427 0.176 0.3933333333333333 0.17875 0.391 0.2035 0.3903333333333333
0 0.29275 0.5956666666666667 0.29575 0.5986666666666667 0.29375 0.6386666666666667 0.28975 0.6413333333333333 0.2655 0.6416666666666667 0.25825 0.64 0.2585 0.6163333333333333 0.261 0.598 0.26825 0.5956666666666667 0.2925 0.5956666666666667
0 0.5305 0.5553333333333333 0.56225 0.5536666666666666 0.564 0.557 0.563 0.5713333333333334 0.565 0.5943333333333334 0.56125 0.598 0.53175 0.598 0.52975 0.593 0.5305 0.5556666666666666
0 0.74625 0.159 0.753 0.16133333333333333 0.753 0.17866666666666667 0.7555 0.187 0.755 0.196 0.74875 0.199 0.72725 0.19833333333333333 0.72425 0.196 0.72375 0.16133333333333333 0.7285 0.15866666666666668 0.746 0.159
0 0.6105 0.429 0.6235 0.432 0.625 0.47 0.6205 0.47333333333333333 0.59675 0.474 0.59125 0.4696666666666667 0.59 0.432 0.61025 0.429
0 0.61275 0.554 0.632 0.557 0.6325 0.594 0.632 0.5986666666666667 0.62875 0.6006666666666667 0.60225 0.5996666666666667 0.59825 0.5953333333333334 0.5985 0.557 0.6015 0.5546666666666666 0.6125 0.554
0 0.555 0.43 0.55825 0.43233333333333335 0.558 0.4666666666666667 0.5555 0.4713333333333333 0.54925 0.4723333333333333 0.52625 0.4703333333333333 0.52525 0.432 0.53225 0.42966666666666664 0.55475 0.43
0 0.237 0.31333333333333335 0.24325 0.314 0.24425 0.317 0.24175 0.35 0.2395 0.3536666666666667 0.23125 0.355 0.21325 0.3546666666666667 0.21125 0.35233333333333333 0.20925 0.3423333333333333 0.2105 0.327 0.21225 0.31833333333333336 0.21525 0.31433333333333335 0.23675 0.31333333333333335
0 0.73475 0.4706666666666667 0.7585 0.4716666666666667 0.76175 0.474 0.76325 0.5096666666666667 0.762 0.5126666666666667 0.756 0.513 0.7295 0.512 0.72775 0.505 0.72725 0.4736666666666667 0.7345 0.4706666666666667
0 0.39575 0.382 0.39825 0.3863333333333333 0.3985 0.4086666666666667 0.3975 0.4226666666666667 0.394 0.4256666666666667 0.36625 0.4246666666666667 0.364 0.41133333333333333 0.36625 0.38466666666666666 0.37475 0.382 0.3955 0.382
0 0.68975 0.893 0.72175 0.8953333333333333 0.7215 0.9116666666666666 0.72475 0.94 0.724 0.9466666666666667 0.721 0.949 0.6915 0.9486666666666667 0.68725 0.9463333333333334 0.68475 0.895 0.6895 0.893
0 0.46375 0.6436666666666667 0.466 0.6473333333333333 0.46575 0.689 0.44775 0.693 0.432 0.6906666666666667 0.43225 0.647 0.43675 0.644 0.4635 0.6436666666666667
0 0.42275 0.5063333333333333 0.4275 0.508 0.42875 0.512 0.428 0.547 0.42525 0.5506666666666666 0.40875 0.5513333333333333 0.39675 0.5513333333333333 0.39475 0.5493333333333333 0.39575 0.5093333333333333 0.40025 0.5066666666666667 0.4225 0.5063333333333333
0 0.17975 0.31466666666666665 0.1815 0.318 0.1795 0.352 0.166 0.3556666666666667 0.1535 0.35533333333333333 0.14825 0.35233333333333333 0.151 0.318 0.1575 0.31433333333333335 0.1795 0.31466666666666665
0 0.16525 0.8863333333333333 0.1685 0.887 0.16975 0.8903333333333333 0.16575 0.936 0.164 0.9393333333333334 0.15425 0.9403333333333334 0.13025 0.939 0.1325 0.8906666666666667 0.137 0.8876666666666667 0.165 0.8863333333333333
0 0.8425 0.432 0.859 0.43333333333333335 0.8615 0.43566666666666665 0.8635 0.4723333333333333 0.86275 0.47533333333333333 0.857 0.477 0.831 0.4756666666666667 0.828 0.4723333333333333 0.8265 0.43566666666666665 0.83125 0.43166666666666664 0.84225 0.432
0 0.85875 0.3923333333333333 0.861 0.3983333333333333 0.86275 0.4266666666666667 0.862 0.43133333333333335 0.85925 0.43333333333333335 0.83025 0.43 0.82725 0.3953333333333333 0.828 0.3923333333333333 0.83125 0.39166666666666666 0.8585 0.3923333333333333
0 0.8105 0.39066666666666666 0.8245 0.392 0.82575 0.394 0.828 0.43133333333333335 0.8245 0.43466666666666665 0.81875 0.435 0.79375 0.432 0.79225 0.394 0.79625 0.3913333333333333 0.81025 0.391
0 0.82575 0.35 0.85575 0.3506666666666667 0.8575 0.3556666666666667 0.85825 0.3903333333333333 0.8405 0.38966666666666666 0.82825 0.3923333333333333 0.82425 0.39066666666666666 0.823 0.386 0.82225 0.352 0.8255 0.35
0 0.571 0.645 0.60275 0.6446666666666667 0.60525 0.6486666666666666 0.60625 0.6686666666666666 0.60625 0.689 0.6035 0.6926666666666667 0.57275 0.6906666666666667 0.5705 0.6876666666666666 0.571 0.6453333333333333
0 0.383 0.3268333333333333 0.0325 0.045
0 0.36975 0.33 0.37025 0.33866666666666667 0.373 0.3426666666666667 0.3935 0.3423333333333333 0.397 0.344 0.39825 0.3486666666666667 0.396 0.38166666666666665 0.36625 0.38233333333333336 0.366 0.3486666666666667 0.369 0.3423333333333333 0.36975 0.3303333333333333
0 0.0815 0.6946666666666667 0.0845 0.696 0.0845 0.6993333333333334 0.08075 0.7393333333333333 0.07725 0.7423333333333333 0.05 0.7446666666666667 0.04775 0.74 0.0475 0.7303333333333333 0.05125 0.6986666666666667 0.08125 0.695
0 0.273 0.31333333333333335 0.2755 0.3233333333333333 0.27375 0.352 0.25575 0.354 0.24175 0.35233333333333333 0.2445 0.31466666666666665 0.27275 0.31333333333333335
0 0.769 0.3913333333333333 0.79 0.392 0.7925 0.394 0.7935 0.432 0.78975 0.435 0.762 0.434 0.76025 0.42866666666666664 0.75875 0.39666666666666667 0.7615 0.392 0.76875 0.39166666666666666
0 0.391 0.5956666666666667 0.39375 0.5996666666666667 0.392 0.638 0.35975 0.6406666666666667 0.3575 0.632 0.35925 0.5973333333333334 0.3645 0.595 0.39075 0.5956666666666667
0 0.90225 0.24166666666666667 0.915 0.245 0.91725 0.2763333333333333 0.916 0.2793333333333333 0.91175 0.2803333333333333 0.88675 0.28 0.88225 0.27566666666666667 0.881 0.24466666666666667 0.88625 0.241 0.902 0.24166666666666667
0 0.30025 0.38533333333333336 0.30275 0.3923333333333333 0.30075 0.42533333333333334 0.297 0.42833333333333334 0.28525 0.429 0.269 0.428 0.26975 0.391 0.273 0.3873333333333333 0.3 0.38533333333333336
0 0.287 0.6406666666666667 0.2905 0.644 0.28775 0.6856666666666666 0.25525 0.689 0.254 0.6706666666666666 0.2565 0.6443333333333333 0.26175 0.641 0.28675 0.6406666666666667
0 0.75525 0.8933333333333333 0.75975 0.8973333333333333 0.7625 0.9346666666666666 0.7625 0.9456666666666667 0.7575 0.9493333333333334 0.7265 0.9476666666666667 0.72225 0.908 0.72375 0.8936666666666667 0.755 0.8933333333333333
0 0.235 0.389 0.23875 0.39066666666666666 0.238 0.42866666666666664 0.23375 0.43166666666666664 0.20675 0.43133333333333335 0.20425 0.429 0.20425 0.4256666666666667 0.2065 0.392 0.23475 0.389
0 0.80125 0.233 0.81825 0.23433333333333334 0.82025 0.237 0.82175 0.269 0.815 0.27566666666666667 0.79175 0.2733333333333333 0.7885 0.269 0.7875 0.23766666666666666 0.7905 0.23333333333333334 0.801 0.233
0 0.67225 0.8933333333333333 0.68225 0.8936666666666667 0.6845 0.8983333333333333 0.68625 0.9463333333333334 0.67925 0.949 0.64875 0.946 0.64725 0.896 0.64975 0.8933333333333333 0.672 0.8933333333333333
0 0.7465 0.42833333333333334 0.76025 0.432 0.762 0.4646666666666667 0.7595 0.4706666666666667 0.73075 0.4703333333333333 0.72625 0.4673333333333333 0.72675 0.42966666666666664 0.74625 0.42833333333333334
0 0.48825 0.30733333333333335 0.4915 0.31033333333333335 0.49175 0.3456666666666667 0.4895 0.349 0.48525 0.3496666666666667 0.46125 0.3486666666666667 0.45925 0.3453333333333333 0.459 0.33 0.46125 0.30833333333333335 0.488 0.30733333333333335
0 0.769 0.8406666666666667 0.788 0.8413333333333334 0.792 0.844 0.79575 0.887 0.7955 0.8923333333333333 0.79325 0.895 0.76175 0.8943333333333333 0.75675 0.891 0.75375 0.843 0.755 0.841 0.76875 0.8406666666666667
0 0.42525 0.30733333333333335 0.43 0.31066666666666665 0.429 0.3426666666666667 0.4265 0.3473333333333333 0.4185 0.34833333333333333 0.4015 0.348 0.39925 0.3456666666666667 0.399 0.314 0.401 0.30766666666666664 0.425 0.30733333333333335
0 0.398 0.19833333333333333 0.40125 0.203 0.401 0.23333333333333334 0.39975 0.23766666666666666 0.3955 0.239 0.37125 0.238 0.3695 0.23433333333333334 0.36975 0.212 0.37325 0.19866666666666666 0.39775 0.19833333333333333
0 0.456 0.16133333333333333 0.4615 0.16466666666666666 0.46075 0.19966666666666666 0.437 0.202 0.43175 0.19833333333333333 0.432 0.16466666666666666 0.4385 0.16166666666666665 0.45575 0.16133333333333333
0 0.20375 0.31333333333333335 0.21275 0.314 0.20975 0.3496666666666667 0.1825 0.353 0.179 0.35233333333333333 0.17875 0.3453333333333333 0.1815 0.31733333333333336 0.18825 0.314 0.2035 0.31333333333333335
0 0.533 0.739 0.535 0.7403333333333333 0.53625 0.7476666666666667 0.53775 0.7863333333333333 0.5265 0.7893333333333333 0.50525 0.789 0.50125 0.7863333333333333 0.5005 0.7413333333333333 0.5035 0.7393333333333333 0.53275 0.739
0 0.8425 0.311 0.85225 0.31166666666666665 0.85525 0.31433333333333335 0.857 0.3406666666666667 0.85575 0.35233333333333333 0.82425 0.3516666666666667 0.822 0.3486666666666667 0.82125 0.31333333333333335 0.8285 0.31033333333333335 0.84225 0.311
0 0.402 0.09533333333333334 0.40425 0.09933333333333333 0.40425 0.106 0.40325 0.127 0.40125 0.12933333333333333 0.37325 0.12933333333333333 0.37275 0.119 0.37375 0.09966666666666667 0.37625 0.09566666666666666 0.40175 0.09533333333333334
0 0.78325 0.2713333333333333 0.78825 0.274 0.791 0.3016666666666667 0.78975 0.31166666666666665 0.7835 0.314 0.75775 0.31233333333333335 0.756 0.308 0.7555 0.281 0.756 0.27366666666666667 0.75825 0.2713333333333333 0.783 0.2713333333333333
0 0.83525 0.09533333333333334 0.84225 0.09866666666666667 0.8435 0.12666666666666668 0.842 0.129 0.814 0.128 0.8105 0.125 0.81 0.105 0.81175 0.09533333333333334 0.835 0.09533333333333334
0 0.659 0.511 0.6615 0.5123333333333333 0.663 0.521 0.6635 0.5526666666666666 0.66175 0.5546666666666666 0.634 0.5556666666666666 0.63 0.5536666666666666 0.629 0.5473333333333333 0.62875 0.5146666666666667 0.65875 0.511
0 0.61375 0.8916666666666667 0.6415 0.893 0.64625 0.8953333333333333 0.64875 0.9426666666666667 0.645 0.9476666666666667 0.615 0.947 0.61125 0.9446666666666667 0.60875 0.894 0.6135 0.8916666666666667
0 0.8955 0.2803333333333333 0.91525 0.281 0.91825 0.2836666666666667 0.92175 0.31833333333333336 0.912 0.32033333333333336 0.88825 0.31733333333333336 0.88525 0.283 0.88725 0.2803333333333333 0.89525 0.2803333333333333
0 0.762 0.5136666666666667 0.7665 0.523 0.76775 0.5536666666666666 0.7655 0.559 0.76025 0.5596666666666666 0.7335 0.5566666666666666 0.73225 0.5153333333333333 0.73975 0.513 0.76175 0.5136666666666667
0 0.61625 0.838 0.64575 0.8416666666666667 0.6465 0.8913333333333333 0.64225 0.893 0.6115 0.891 0.60925 0.843 0.61025 0.8396666666666667 0.616 0.8383333333333334
0 0.651 0.5536666666666666 0.66475 0.556 0.66725 0.5683333333333334 0.6685 0.5956666666666667 0.66475 0.601 0.64925 0.6023333333333334 0.637 0.6023333333333334 0.63325 0.5996666666666667 0.6325 0.5606666666666666 0.6365 0.5546666666666666 0.65075 0.5536666666666666
0 0.513 0.428 0.52125 0.42866666666666664 0.5235 0.43266666666666664 0.52425 0.4703333333333333 0.51725 0.474 0.49525 0.473 0.49125 0.4673333333333333 0.49225 0.432 0.51275 0.428
0 0.39725 0.16366666666666665 0.40075 0.16433333333333333 0.4025 0.16833333333333333 0.40125 0.20133333333333334 0.3985 0.198 0.3745 0.19833333333333333 0.372 0.193 0.3735 0.16766666666666666 0.3835 0.16366666666666665 0.397 0.16366666666666665
0 0.4985 0.692 0.50025 0.6956666666666667 0.5 0.7373333333333333 0.475 0.7396666666666667 0.46625 0.7376666666666667 0.467 0.694 0.4725 0.6913333333333334 0.49825 0.692
0 0.7665 0.12433333333333334 0.781 0.12733333333333333 0.783 0.141 0.78275 0.16166666666666665 0.755 0.16033333333333333 0.75125 0.15666666666666668 0.7515 0.12633333333333333 0.76625 0.12433333333333334
0 0.2105 0.2763333333333333 0.217 0.279 0.21425 0.312 0.1865 0.314 0.18225 0.31066666666666665 0.18575 0.2786666666666667 0.18875 0.27666666666666667 0.21025 0.2763333333333333
0 0.59575 0.553 0.598 0.5583333333333333 0.598 0.5956666666666667 0.56775 0.598 0.5655 0.5953333333333334 0.564 0.5853333333333334 0.5635 0.557 0.571 0.5533333333333333 0.5955 0.553
0 0.60925 0.348 0.62 0.34833333333333333 0.62325 0.3516666666666667 0.623 0.38433333333333336 0.6205 0.3883333333333333 0.5905 0.3863333333333333 0.59175 0.3486666666666667 0.609 0.348
0 0.53725 0.23266666666666666 0.55075 0.233 0.55375 0.23566666666666666 0.5535 0.272 0.54625 0.27466666666666667 0.52575 0.27466666666666667 0.52325 0.2723333333333333 0.52375 0.23433333333333334 0.537 0.23266666666666666
0 0.72125 0.15866666666666668 0.72375 0.161 0.7245 0.18066666666666667 0.724 0.19366666666666665 0.72125 0.19733333333333333 0.69575 0.197 0.69175 0.19266666666666668 0.69325 0.18633333333333332 0.69225 0.16366666666666665 0.69425 0.158 0.721 0.15866666666666668
0 0.14075 0.7876666666666666 0.145 0.7896666666666666 0.14125 0.817 0.141 0.835 0.137 0.838 0.1245 0.8383333333333334 0.10925 0.8383333333333334 0.1055 0.8353333333333334 0.10925 0.7916666666666666 0.11275 0.7886666666666666 0.1405 0.7876666666666666
0 0.74575 0.38766666666666666 0.755 0.3883333333333333 0.7585 0.3913333333333333 0.76 0.41433333333333333 0.75875 0.429 0.727 0.42833333333333334 0.72475 0.42533333333333334 0.7255 0.38866666666666666 0.7455 0.38766666666666666
0 0.42925 0.163 0.43125 0.16533333333333333 0.43125 0.19966666666666666 0.42825 0.20366666666666666 0.40375 0.20366666666666666 0.4 0.19566666666666666 0.4005 0.174 0.40275 0.16466666666666666 0.429 0.163
0 0.20375 0.887 0.20525 0.891 0.2015 0.938 0.1885 0.9406666666666667 0.1665 0.939 0.1695 0.8896666666666667 0.1725 0.887 0.2035 0.887
0 0.8975 0.319 0.92175 0.323 0.92375 0.35733333333333334 0.9225 0.361 0.9185 0.3626666666666667 0.892 0.36133333333333334 0.88825 0.359 0.88675 0.323 0.8895 0.31933333333333336 0.89725 0.319
0 0.48725 0.12533333333333332 0.49025 0.12933333333333333 0.49025 0.159 0.47025 0.16 0.4635 0.16433333333333333 0.4605 0.15566666666666668 0.4615 0.12833333333333333 0.469 0.12566666666666668 0.487 0.12533333333333332
0 0.4777 0.2134066666666667 0.033530000000000004 0.040646666666666664
0 0.4615 0.16366666666666665 0.46225 0.19233333333333333 0.4635 0.19666666666666666 0.49125 0.193 0.49175 0.16466666666666666 0.491 0.16166666666666665 0.473 0.16033333333333333 0.46325 0.16133333333333333
0 0.4470625 0.25143666666666664 0.0316025 0.04065333333333333
0 0.38482 0.28767 0.03507 0.04323333333333333
0 0.44551999999999997 0.32827 0.03006 0.04427333333333333
0 0.49 0.23233333333333334 0.4925 0.23633333333333334 0.49175 0.271 0.46325 0.27 0.4625 0.26566666666666666 0.46325 0.233 0.48975 0.23233333333333334
0 0.47693 0.28689333333333333 0.033530000000000004 0.03951333333333334
0 0.5069925 0.33007000000000003 0.031217500000000002 0.04067333333333333
0 0.507185 0.3688666666666666 0.033145 0.03794666666666667
0 0.5077625 0.40818333333333334 0.033530000000000004 0.040503333333333336
0 0.5748225 0.44953 0.0319875 0.04310666666666666
0 0.394 0.127 0.40075 0.127 0.40225 0.13033333333333333 0.401 0.164 0.392 0.16133333333333333 0.37175 0.16233333333333333 0.37325 0.13 0.39375 0.127
0 0.31853250000000005 0.36629333333333336 0.03507 0.04001
0 0.3352965 0.38586566666666666 0.33452575 0.4254446666666667 0.300996 0.42595866666666665 0.3013815 0.3863796666666666
0 0.30925 0.466 0.329 0.4673333333333333 0.3315 0.469 0.332 0.4736666666666667 0.32975 0.5083333333333333 0.3085 0.5103333333333333 0.297 0.509 0.29625 0.5 0.299 0.4703333333333333 0.30025 0.468 0.309 0.466
0 0.33414024999999997 0.42542966666666665 0.3013815 0.42697166666666664 0.29868374999999997 0.46706499999999995 0.33221325 0.46603700000000003
0 0.2975275 0.5112703333333333 0.2655395 0.5117843333333334 0.267081 0.468093 0.29868374999999997 0.467579
0 0.34575 0.4666666666666667 0.36375 0.4686666666666667 0.36325 0.5056666666666667 0.3615 0.5093333333333333 0.34275 0.511 0.331 0.5086666666666667 0.33125 0.483 0.333 0.4676666666666667 0.3455 0.4666666666666667
0 0.36073275 0.551762 0.394648 0.55029 0.39387700000000003 0.5076266666666667 0.36150375 0.5091686666666667
0 0.33925 0.6413333333333333 0.35725 0.6436666666666667 0.35675 0.686 0.35325 0.6893333333333334 0.3245 0.689 0.322 0.6856666666666666 0.3235 0.644 0.339 0.6413333333333333
0 0.301 0.6416666666666667 0.32125 0.6416666666666667 0.32375 0.6436666666666667 0.3215 0.6863333333333334 0.3185 0.6896666666666667 0.29925 0.6896666666666667 0.28875 0.687 0.29 0.6453333333333333 0.29325 0.6423333333333333 0.30075 0.6416666666666667
0 0.392721 0.6407113333333333 0.39194999999999997 0.6890286666666666 0.35687875 0.6880006666666667 0.35803500000000005 0.6401973333333334
0 0.2219895 0.6473406666666667 0.21852074999999999 0.693655 0.183835 0.6931409999999999 0.18845975 0.6463653333333333
0 0.22314575 0.645799 0.255519 0.6443093333333334 0.25359200000000004 0.692113 0.21929175 0.692627
0 0.270935 0.7118633333333334 0.037770000000000005 0.04669666666666667
0 0.28675 0.736 0.28825 0.7386666666666667 0.2865 0.7833333333333333 0.25175 0.7846666666666666 0.24975 0.776 0.252 0.7376666666666667 0.2865 0.736
0 0.24025 0.7853333333333333 0.25 0.786 0.2485 0.8123333333333334 0.246 0.8326666666666667 0.23525 0.8346666666666667 0.211 0.8333333333333334 0.21125 0.8036666666666666 0.21475 0.7863333333333333 0.24 0.7853333333333333
0 0.1545 0.6896666666666667 0.1565 0.6926666666666667 0.1565 0.7 0.15325 0.7343333333333333 0.1485 0.7383333333333333 0.131 0.739 0.11925 0.7383333333333333 0.11675 0.735 0.11925 0.6926666666666667 0.15425 0.6896666666666667
0 0.08025 0.7883333333333333 0.10925 0.79 0.1045 0.8363333333333334 0.10225 0.8383333333333334 0.0815 0.8386666666666667 0.07225 0.8383333333333334 0.07025 0.8353333333333334 0.071 0.8143333333333334 0.0745 0.7926666666666666 0.08 0.7883333333333333
0 0.11625 0.7383333333333333 0.11775 0.748 0.115 0.7786666666666666 0.113 0.786 0.10925 0.788 0.0775 0.786 0.07725 0.7693333333333333 0.08 0.7446666666666667 0.0845 0.7383333333333333 0.116 0.7383333333333333
0 0.012 0.7476666666666667 0.03825 0.7446666666666667 0.04675 0.745 0.048 0.7473333333333333 0.04675 0.774 0.043 0.7923333333333333 0.0095 0.796 0.0065 0.7933333333333333 0.00575 0.7853333333333333 0.012 0.748
0 0.09975 0.691 0.119 0.6926666666666667 0.11675 0.7366666666666667 0.08775 0.7396666666666667 0.08275 0.739 0.0815 0.7363333333333333 0.08475 0.6966666666666667 0.08825 0.6926666666666667 0.0995 0.691
0 0.205 0.786 0.21125 0.7873333333333333 0.211 0.8336666666666667 0.20525 0.8363333333333334 0.18475 0.8366666666666667 0.177 0.835 0.179 0.7886666666666666 0.1815 0.7863333333333333 0.20475 0.786
0 0.0965 0.8873333333333333 0.09075 0.94 0.058 0.94 0.0575 0.9143333333333333 0.06075 0.895 0.0635 0.8893333333333333 0.09625 0.8876666666666667
0 0.098662 0.8862876666666666 0.13450399999999998 0.8874096666666667 0.13026474999999998 0.9408673333333333 0.09326649999999999 0.9439513333333333
0 0.06744475 0.6062316666666666 0.05973675 0.65199 0.02428 0.65199 0.0265925 0.6314293333333333 0.028905 0.6057283333333333
0 0.2481965 0.836443 0.2443425 0.8863813333333332 0.206959 0.8868956666666666 0.20965674999999998 0.83498
0 0.60925 0.7383333333333333 0.6435 0.7403333333333333 0.64525 0.772 0.64525 0.7836666666666666 0.6435 0.7876666666666666 0.61025 0.7866666666666666 0.60925 0.7386666666666667
0 0.60575 0.738 0.60725 0.741 0.608 0.7846666666666666 0.60425 0.7876666666666666 0.5735 0.7863333333333333 0.57175 0.7413333333333333 0.57775 0.7376666666666667 0.6055 0.738
0 0.627865 0.8137933333333334 0.040372500000000006 0.05337000000000001
0 0.56775 0.643 0.57025 0.647 0.57025 0.689 0.5545 0.691 0.5355 0.689 0.53475 0.6443333333333333 0.5675 0.643
0 0.6030525 0.598707 0.6034729999999999 0.6441673333333333 0.56856825 0.6441673333333333 0.56688625 0.597614
0 0.6485 0.4723333333333333 0.6585 0.47333333333333333 0.66025 0.5083333333333333 0.63025 0.5123333333333333 0.6265 0.507 0.6255 0.473 0.64825 0.4723333333333333
0 0.65425 0.428 0.6565 0.43266666666666664 0.658 0.4673333333333333 0.63075 0.471 0.627 0.47 0.62575 0.467 0.625 0.43033333333333335 0.654 0.428
0 0.7872485 0.19562600000000002 0.786828 0.161973 0.754867 0.16029033333333334 0.7552875 0.19562600000000002
0 0.82775 0.127 0.84175 0.12933333333333333 0.8435 0.13233333333333333 0.8445 0.162 0.81475 0.16133333333333333 0.8135 0.13 0.8275 0.127
0 0.83425 0.23466666666666666 0.85225 0.238 0.85375 0.2703333333333333 0.8485 0.2723333333333333 0.8245 0.2713333333333333 0.822 0.269 0.8205 0.23733333333333334 0.82375 0.23466666666666666 0.834 0.23466666666666666
0 0.8372925 0.29345 0.0361675 0.039920000000000004
0 0.6685 0.15533333333333332 0.6925 0.158 0.69325 0.19266666666666668 0.69225 0.195 0.6845 0.19566666666666666 0.66425 0.19566666666666666 0.662 0.19366666666666665 0.66275 0.159 0.66825 0.15533333333333332
0 0.17675 0.7873333333333333 0.1795 0.7893333333333333 0.177 0.835 0.17275 0.8373333333333334 0.156 0.838 0.1445 0.8376666666666667 0.141 0.8346666666666667 0.14125 0.814 0.145 0.7896666666666666 0.15025 0.7873333333333333 0.1765 0.7873333333333333