0 0.3873333333333333 0.552 0.4646666666666667 0.55375 0.4806666666666667 0.55725 0.4806666666666667 0.61775 0.4766666666666667 0.63875 0.436 0.63525 0.374 0.63475 0.36333333333333334 0.6325 0.3626666666666667 0.61275 0.36966666666666664 0.55725 0.37633333333333335 0.55225 0.387 0.552
0 0.6153333333333333 0.292 0.6966666666666667 0.30025 0.6986666666666667 0.30625 0.6966666666666667 0.34725 0.6943333333333334 0.35625 0.6893333333333334 0.3595 0.6323333333333333 0.35275 0.6116666666666667 0.35175 0.6023333333333334 0.354 0.5983333333333334 0.352 0.6033333333333334 0.30025 0.608 0.293 0.615 0.292
0 0.5066666666666667 0.4795 0.5693333333333334 0.48175 0.5823333333333334 0.4845 0.5856666666666667 0.49625 0.5843333333333334 0.55375 0.581 0.56075 0.5716666666666667 0.56175 0.496 0.559 0.48433333333333334 0.55775 0.4766666666666667 0.55375 0.475 0.539 0.47833333333333333 0.48425 0.4836666666666667 0.47975 0.5063333333333333 0.4795
0 0.27666666666666667 0.46975 0.357 0.47275 0.36633333333333334 0.47575 0.36766666666666664 0.488 0.359 0.5475 0.25033333333333335 0.54525 0.25033333333333335 0.5235 0.26033333333333336 0.474 0.26566666666666666 0.47125 0.2763333333333333 0.46975
0 0.755 0.74 0.824 0.74175 0.8346666666666667 0.74375 0.839 0.74775 0.8536666666666667 0.83375 0.8533333333333334 0.842 0.8456666666666667 0.8445 0.7756666666666666 0.84425 0.7286666666666667 0.8425 0.7226666666666667 0.84075 0.7136666666666667 0.74375 0.7156666666666667 0.74125 0.7233333333333334 0.73975 0.7546666666666667 0.74
0 0.10566666666666667 0.466 0.13766666666666666 0.46625 0.14466666666666667 0.4685 0.14866666666666667 0.47375 0.13633333333333333 0.518 0.13233333333333333 0.5435 0.109 0.54625 0.037333333333333336 0.5465 0.022333333333333334 0.545 0.017333333333333333 0.54025 0.021 0.515 0.036 0.4705 0.04633333333333333 0.4665 0.10533333333333333 0.46625
0 0.8586666666666667 0.74375 0.955 0.74825 0.963 0.74975 0.9673333333333334 0.75275 0.972 0.76225 0.9856666666666667 0.83825 0.9836666666666667 0.849 0.976 0.851 0.8876666666666667 0.84775 0.8543333333333333 0.8435 0.8536666666666667 0.81825 0.8416666666666667 0.748 0.8466666666666667 0.74475 0.8583333333333333 0.74375
0 0.17 0.32075 0.17666666666666667 0.3265 0.17833333333333334 0.33675 0.17633333333333334 0.37675 0.17366666666666666 0.385 0.16633333333333333 0.38775 0.09233333333333334 0.392 0.07433333333333333 0.3905 0.06733333333333333 0.3815 0.07166666666666667 0.335 0.07566666666666666 0.32575 0.085 0.32325 0.16966666666666666 0.32075
0 0.18533333333333332 0.469 0.24166666666666667 0.4705 0.25766666666666665 0.47375 0.24766666666666667 0.54575 0.24533333333333332 0.54825 0.236 0.5505 0.15766666666666668 0.549 0.141 0.54725 0.13433333333333333 0.54325 0.13533333333333333 0.525 0.14966666666666667 0.473 0.15933333333333333 0.4685 0.185 0.469
0 0.40166666666666667 0.476 0.45266666666666666 0.47725 0.4746666666666667 0.48075 0.474 0.54075 0.473 0.5505 0.4683333333333333 0.55325 0.382 0.55075 0.36933333333333335 0.5525 0.36466666666666664 0.5505 0.362 0.544 0.37066666666666664 0.48 0.376 0.47625 0.4013333333333333 0.476
0 0.7236666666666667 0.41925 0.7976666666666666 0.42525 0.8083333333333333 0.42875 0.8136666666666666 0.48825 0.8113333333333334 0.4945 0.8003333333333333 0.49875 0.7163333333333334 0.49225 0.7053333333333334 0.489 0.7046666666666667 0.4265 0.7093333333333334 0.42025 0.7233333333333334 0.41925
0 0.30633333333333335 0.54725 0.35733333333333334 0.5485 0.36333333333333334 0.5535 0.3566666666666667 0.6275 0.35233333333333333 0.633 0.3433333333333333 0.634 0.252 0.63275 0.244 0.63125 0.239 0.62675 0.24266666666666667 0.5905 0.252 0.5495 0.2643333333333333 0.54625 0.306 0.54725
0 0.6173333333333333 0.48325 0.6856666666666666 0.48925 0.696 0.49275 0.697 0.557 0.6936666666666667 0.56525 0.686 0.56825 0.596 0.562 0.5873333333333334 0.55975 0.5856666666666667 0.55225 0.59 0.48775 0.5953333333333334 0.48275 0.617 0.48325
0 0.094 0.39575 0.151 0.39575 0.161 0.397 0.16533333333333333 0.39975 0.168 0.40825 0.15966666666666668 0.46025 0.15433333333333332 0.467 0.148 0.4685 0.13133333333333333 0.465 0.050333333333333334 0.4655 0.04566666666666667 0.46375 0.04833333333333333 0.4395 0.059666666666666666 0.4005 0.06666666666666667 0.39725 0.09366666666666666 0.39575
0 0.6206666666666667 0.353 0.675 0.35825 0.6973333333333334 0.363 0.6993333333333334 0.36625 0.698 0.394 0.6943333333333334 0.418 0.6913333333333334 0.42075 0.6133333333333333 0.4135 0.5993333333333334 0.417 0.5936666666666667 0.415 0.5926666666666667 0.40775 0.602 0.3565 0.6086666666666667 0.353 0.6203333333333333 0.353
0 0.315 0.4015 0.3576666666666667 0.403 0.37 0.406 0.37166666666666665 0.421 0.36633333333333334 0.473 0.291 0.469 0.262 0.47125 0.26033333333333336 0.4695 0.25866666666666666 0.4625 0.269 0.40475 0.276 0.40175 0.31466666666666665 0.4015
0 0.8493333333333334 0.42475 0.8986666666666666 0.4265 0.908 0.42775 0.9126666666666666 0.431 0.9183333333333333 0.44275 0.9286666666666666 0.48975 0.9216666666666666 0.49725 0.9036666666666666 0.5 0.8363333333333334 0.498 0.8266666666666667 0.4965 0.8203333333333334 0.49275 0.8133333333333334 0.46025 0.8113333333333334 0.42875 0.821 0.425 0.849 0.42475
0 0.41233333333333333 0.636 0.4673333333333333 0.63825 0.475 0.64175 0.4726666666666667 0.72575 0.4706666666666667 0.72925 0.464 0.7315 0.44233333333333336 0.729 0.35333333333333333 0.72775 0.34833333333333333 0.725 0.3546666666666667 0.64875 0.3586666666666667 0.63725 0.36233333333333334 0.63525 0.412 0.636
0 0.48033333333333333 0.7335 0.5606666666666666 0.7345 0.5806666666666667 0.73575 0.5846666666666667 0.738 0.5896666666666667 0.8305 0.5856666666666667 0.83725 0.5693333333333334 0.83825 0.4703333333333333 0.8375 0.4593333333333333 0.835 0.46166666666666667 0.7375 0.468 0.7335 0.48 0.7335
0 0.612 0.73575 0.7 0.7375 0.7103333333333334 0.7405 0.7146666666666667 0.7635 0.7206666666666667 0.8355 0.717 0.84025 0.694 0.841 0.602 0.83925 0.5913333333333334 0.83625 0.5876666666666667 0.7405 0.5916666666666667 0.73675 0.6116666666666667 0.73575
0 0.6163333333333333 0.4145 0.6363333333333333 0.41775 0.6883333333333334 0.42125 0.7 0.425 0.702 0.43125 0.701 0.46925 0.6996666666666667 0.4835 0.696 0.49025 0.5933333333333334 0.48125 0.6 0.4195 0.6086666666666667 0.41425 0.616 0.4145
0 0.3626666666666667 0.729 0.443 0.7305 0.45366666666666666 0.73175 0.4583333333333333 0.73425 0.46 0.7385 0.457 0.828 0.45366666666666666 0.83425 0.44666666666666666 0.83475 0.341 0.8335 0.33066666666666666 0.83275 0.3263333333333333 0.8305 0.3253333333333333 0.81375 0.33466666666666667 0.73425 0.342 0.72975 0.36233333333333334 0.729