0 0.812 0.44275 0.8296666666666667 0.445 0.859 0.44425 0.863 0.446 0.8666666666666667 0.49125 0.866 0.495 0.8613333333333333 0.49725 0.793 0.4965 0.79 0.48725 0.7896666666666666 0.44575 0.7946666666666666 0.443 0.8116666666666666 0.44275
0 0.404 0.54575 0.4216666666666667 0.54575 0.4266666666666667 0.5495 0.42766666666666664 0.60225 0.423 0.604 0.36633333333333334 0.606 0.35233333333333333 0.60575 0.3506666666666667 0.60275 0.35033333333333333 0.55025 0.3556666666666667 0.54825 0.4036666666666667 0.54575
0 0.7866666666666666 0.55475 0.8043333333333333 0.55475 0.81 0.557 0.815 0.60675 0.811 0.61125 0.784 0.61275 0.7433333333333333 0.61275 0.7373333333333333 0.61025 0.7333333333333333 0.5595 0.7353333333333333 0.5565 0.7403333333333333 0.55525 0.7863333333333333 0.55475
0 0.497 0.484 0.5043333333333333 0.48575 0.506 0.48875 0.5073333333333333 0.5385 0.5016666666666667 0.54125 0.44733333333333336 0.5425 0.43533333333333335 0.542 0.43233333333333335 0.53675 0.43 0.4965 0.43166666666666664 0.48775 0.44233333333333336 0.4855 0.49666666666666665 0.484
0 0.32166666666666666 0.435 0.347 0.435 0.353 0.4375 0.35333333333333333 0.48775 0.3436666666666667 0.49075 0.29733333333333334 0.49175 0.2826666666666667 0.49175 0.2786666666666667 0.489 0.278 0.43925 0.2853333333333333 0.43575 0.32133333333333336 0.435
0 0.18766666666666668 0.39125 0.19966666666666666 0.39275 0.20233333333333334 0.397 0.19966666666666666 0.4435 0.13333333333333333 0.4455 0.12533333333333332 0.4445 0.12266666666666666 0.44075 0.12666666666666668 0.394 0.13766666666666666 0.39175 0.18733333333333332 0.39125
0 0.882 0.608 0.888 0.60925 0.891 0.614 0.8963333333333333 0.66525 0.8886666666666667 0.66775 0.8346666666666667 0.669 0.8243333333333334 0.66875 0.8203333333333334 0.6655 0.816 0.61225 0.8243333333333334 0.6095 0.8816666666666667 0.608
0 0.814 0.38925 0.856 0.3905 0.863 0.39275 0.8663333333333333 0.43575 0.8646666666666667 0.4425 0.8606666666666667 0.444 0.791 0.4405 0.7896666666666666 0.39425 0.7963333333333333 0.38925 0.8136666666666666 0.38925
0 0.257 0.5515 0.269 0.55225 0.27166666666666667 0.55525 0.26966666666666667 0.60875 0.208 0.6115 0.19633333333333333 0.6105 0.19266666666666668 0.60575 0.19533333333333333 0.555 0.20166666666666666 0.55275 0.25666666666666665 0.5515
0 0.4093333333333333 0.43325 0.42533333333333334 0.43425 0.42733333333333334 0.43625 0.42966666666666664 0.48475 0.425 0.48875 0.4116666666666667 0.48725 0.35733333333333334 0.488 0.3546666666666667 0.486 0.35533333333333333 0.436 0.3616666666666667 0.434 0.409 0.43325
0 0.356 0.489 0.41533333333333333 0.48825 0.42733333333333334 0.49075 0.42833333333333334 0.537 0.4256666666666667 0.5445 0.35533333333333333 0.54575 0.35233333333333333 0.544 0.3516666666666667 0.49675 0.3556666666666667 0.48925
0 0.18333333333333332 0.33875 0.19966666666666666 0.3395 0.20666666666666667 0.34475 0.203 0.38775 0.2 0.392 0.185 0.39025 0.133 0.391 0.12666666666666668 0.38725 0.127 0.369 0.13233333333333333 0.34075 0.14 0.33825 0.183 0.33875
0 0.275 0.43775 0.2776666666666667 0.43925 0.277 0.492 0.263 0.494 0.215 0.49475 0.20666666666666667 0.49475 0.20266666666666666 0.488 0.204 0.441 0.21 0.43875 0.27466666666666667 0.43775
0 0.808 0.67175 0.8166666666666667 0.673 0.8186666666666667 0.67575 0.8226666666666667 0.73125 0.8133333333333334 0.73325 0.7566666666666667 0.73475 0.748 0.734 0.742 0.7275 0.74 0.675 0.7443333333333333 0.6725 0.8076666666666666 0.67175
0 0.3423333333333333 0.55 0.3473333333333333 0.55125 0.3486666666666667 0.55575 0.3496666666666667 0.60575 0.3423333333333333 0.6085 0.2966666666666667 0.61 0.276 0.61 0.271 0.60625 0.273 0.55375 0.282 0.5515 0.342 0.55
0 0.2 0.44525 0.202 0.4475 0.20266666666666666 0.4985 0.19833333333333333 0.501 0.163 0.502 0.13266666666666665 0.502 0.12633333333333333 0.49925 0.12466666666666666 0.4885 0.12766666666666668 0.4495 0.13033333333333333 0.44725 0.13933333333333334 0.44575 0.19966666666666666 0.44525
0 0.6036666666666667 0.5475 0.6516666666666666 0.5485 0.658 0.55025 0.6606666666666666 0.599 0.6576666666666666 0.607 0.6 0.6065 0.5846666666666667 0.60475 0.5823333333333334 0.55 0.589 0.5475 0.6033333333333334 0.5475
0 0.49766666666666665 0.54325 0.5036666666666667 0.54675 0.5053333333333333 0.59925 0.502 0.60125 0.469 0.60225 0.43066666666666664 0.60075 0.42833333333333334 0.547 0.435 0.54425 0.49733333333333335 0.54325
0 0.407 0.37875 0.4216666666666667 0.38 0.42433333333333334 0.38325 0.42533333333333334 0.43275 0.3576666666666667 0.43425 0.3536666666666667 0.43325 0.3516666666666667 0.429 0.35233333333333333 0.3815 0.4066666666666667 0.37875
0 0.8896666666666667 0.49625 0.9323333333333333 0.4965 0.9393333333333334 0.49825 0.9426666666666667 0.508 0.9463333333333334 0.54725 0.9436666666666667 0.55125 0.9356666666666666 0.5525 0.8763333333333333 0.55225 0.8723333333333333 0.55025 0.8683333333333333 0.498 0.8893333333333333 0.49625
0 0.8093333333333333 0.613 0.8133333333333334 0.615 0.8156666666666667 0.62175 0.819 0.66825 0.814 0.67125 0.776 0.67025 0.7723333333333333 0.67175 0.752 0.67175 0.7446666666666667 0.671 0.7426666666666667 0.669 0.7396666666666667 0.61575 0.744 0.61375 0.809 0.613
0 0.4483333333333333 0.60275 0.505 0.6035 0.5086666666666667 0.60525 0.5086666666666667 0.658 0.506 0.663 0.498 0.664 0.442 0.6635 0.43066666666666664 0.6615 0.43166666666666664 0.6095 0.435 0.6035 0.448 0.60275
0 0.573 0.5455 0.578 0.5465 0.5806666666666667 0.55 0.5816666666666667 0.6025 0.5343333333333333 0.60425 0.5116666666666667 0.60425 0.5073333333333333 0.602 0.5056666666666667 0.5485 0.5096666666666667 0.54625 0.5726666666666667 0.5455
0 0.6143333333333333 0.48975 0.644 0.4905 0.6516666666666666 0.4935 0.653 0.543 0.6473333333333333 0.54725 0.5816666666666667 0.5465 0.577 0.54375 0.578 0.49125 0.614 0.48975
0 0.5986666666666667 0.607 0.6463333333333333 0.607 0.658 0.6095 0.6623333333333333 0.6555 0.662 0.6645 0.6586666666666666 0.6665 0.5986666666666667 0.667 0.588 0.66675 0.5836666666666667 0.6645 0.582 0.63425 0.5826666666666667 0.609 0.5846666666666667 0.607 0.5983333333333334 0.607
0 0.731 0.60925 0.7376666666666667 0.61275 0.739 0.616 0.7416666666666667 0.66525 0.7376666666666667 0.66875 0.714 0.6695 0.6716666666666666 0.6695 0.6653333333333333 0.668 0.6616666666666666 0.61275 0.669 0.61 0.7306666666666667 0.60925
0 0.5 0.4285 0.505 0.47 0.503 0.48175 0.449 0.4845 0.43533333333333335 0.4845 0.43066666666666664 0.481 0.42933333333333334 0.43125 0.437 0.42925 0.49966666666666665 0.4285
0 0.739 0.49725 0.7873333333333333 0.498 0.7933333333333333 0.5 0.797 0.5505 0.7926666666666666 0.55375 0.735 0.555 0.7233333333333334 0.55375 0.7196666666666667 0.55025 0.718 0.5055 0.7206666666666667 0.4985 0.7386666666666667 0.49725
0 0.851 0.4975 0.8666666666666667 0.49925 0.8706666666666667 0.51875 0.8716666666666667 0.55075 0.8663333333333333 0.5535 0.8536666666666667 0.554 0.8103333333333333 0.554 0.7993333333333333 0.552 0.794 0.502 0.802 0.497 0.827 0.4975 0.8313333333333334 0.49925 0.8506666666666667 0.4975