0 0.54027 0.49362 0.13935333333333333 0.0963625
0 0.5366666666666666 0.394125 0.14 0.10175
0 0.2633333333333333 0.393 0.14333333333333334 0.1075
0 0.5445 0.596 0.13633333333333333 0.101
0 0.6685 0.402 0.12766666666666668 0.102
0 0.4031666666666667 0.391 0.141 0.1035
0 0.41 0.597 0.14 0.1025
0 0.535 0.291375 0.13933333333333334 0.09925
0 0.27 0.59175 0.14333333333333334 0.108
0 0.8033333333333333 0.388 0.13333333333333333 0.103
0 0.12833333333333333 0.593125 0.15266666666666667 0.11525
0 0.5448333333333333 0.189125 0.14166666666666666 0.10325